   1.13190547 180.00000000 -167.88539177 
   1.13190547 182.20000000 -167.88534543 
   1.13190547 184.40000000 -167.88524620 
   1.13190547 186.60000000 -167.88508655 
   1.13190547 188.80000000 -167.88486461 
   1.13190547 191.00000000 -167.88457872 
   1.13190547 193.20000000 -167.88425135 
   1.13190547 195.40000000 -167.88384060 
   1.13190547 197.60000000 -167.88386600 
   1.13190547 199.80000000 -167.88345840 
   1.13190547 202.00000000 -167.88298275 
   1.13190547 204.20000000 -167.88244735 
   1.13190547 206.40000000 -167.88184963 
   1.13190547 208.60000000 -167.88118660 
   1.13190547 210.80000000 -167.88045536 
   1.13190547 213.00000000 -167.87965272 
   1.13190547 215.20000000 -167.87877532 
   1.13190547 217.40000000 -167.87781986 
   1.13190547 219.60000000 -167.87678302 
   1.13190547 221.80000000 -167.87566154 
   1.13190547 224.00000000 -167.87445232 
   1.13190547 226.20000000 -167.87315219 
   1.13190547 228.40000000 -167.87175795 
   1.13190547 230.60000000 -167.87026671 
   1.13190547 232.80000000 -167.86867591 
   1.13190547 235.00000000 -167.86698345 
   1.18190547 180.00000000 -167.89071813 
   1.18190547 182.20000000 -167.89068360 
   1.18190547 184.40000000 -167.89063971 
   1.18190547 186.60000000 -167.89055846 
   1.18190547 188.80000000 -167.89044592 
   1.18190547 191.00000000 -167.89029869 
   1.18190547 193.20000000 -167.89011490 
   1.18190547 195.40000000 -167.88989326 
   1.18190547 197.60000000 -167.88963216 
   1.18190547 199.80000000 -167.88932946 
   1.18190547 202.00000000 -167.88898254 
   1.18190547 204.20000000 -167.88858878 
   1.18190547 206.40000000 -167.88814551 
   1.18190547 208.60000000 -167.88764957 
   1.18190547 210.80000000 -167.88709740 
   1.18190547 213.00000000 -167.88648556 
   1.18190547 215.20000000 -167.88581048 
   1.18190547 217.40000000 -167.88506843 
   1.18190547 219.60000000 -167.88425571 
   1.18190547 221.80000000 -167.88336845 
   1.18190547 224.00000000 -167.88240272 
   1.18190547 226.20000000 -167.88135487 
   1.18190547 228.40000000 -167.88022117 
   1.18190547 230.60000000 -167.87899778 
   1.18190547 232.80000000 -167.87768141 
   1.18190547 235.00000000 -167.87626911 
   1.23190547 180.00000000 -167.88691766 
   1.23190547 182.20000000 -167.88689450 
   1.23190547 184.40000000 -167.88686310 
   1.23190547 186.60000000 -167.88681391 
   1.23190547 188.80000000 -167.88674536 
   1.23190547 191.00000000 -167.88665399 
   1.23190547 193.20000000 -167.88653849 
   1.23190547 195.40000000 -167.88639699 
   1.23190547 197.60000000 -167.88622775 
   1.23190547 199.80000000 -167.88602898 
   1.23190547 202.00000000 -167.88579868 
   1.23190547 204.20000000 -167.88553404 
   1.23190547 206.40000000 -167.88523160 
   1.23190547 208.60000000 -167.88488786 
   1.23190547 210.80000000 -167.88449948 
   1.23190547 213.00000000 -167.88406280 
   1.23190547 215.20000000 -167.88357364 
   1.23190547 217.40000000 -167.88302771 
   1.23190547 219.60000000 -167.88242083 
   1.23190547 221.80000000 -167.88174909 
   1.23190547 224.00000000 -167.88100832 
   1.23190547 226.20000000 -167.88019407 
   1.23190547 228.40000000 -167.87930188 
   1.23190547 230.60000000 -167.87832746 
   1.23190547 232.80000000 -167.87726641 
   1.23190547 235.00000000 -167.87611444 
   1.28190547 180.00000000 -167.87665331 
   1.28190547 182.20000000 -167.87664235 
   1.28190547 184.40000000 -167.87662752 
   1.28190547 186.60000000 -167.87660735 
   1.28190547 188.80000000 -167.87657762 
   1.28190547 191.00000000 -167.87653576 
   1.28190547 193.20000000 -167.87648088 
   1.28190547 195.40000000 -167.87641155 
   1.28190547 197.60000000 -167.87632608 
   1.28190547 199.80000000 -167.87622249 
   1.28190547 202.00000000 -167.87609831 
   1.28190547 204.20000000 -167.87595057 
   1.28190547 206.40000000 -167.87577604 
   1.28190547 208.60000000 -167.87557123 
   1.28190547 210.80000000 -167.87533252 
   1.28190547 213.00000000 -167.87505616 
   1.28190547 215.20000000 -167.87473806 
   1.28190547 217.40000000 -167.87437379 
   1.28190547 219.60000000 -167.87395872 
   1.28190547 221.80000000 -167.87348782 
   1.28190547 224.00000000 -167.87295614 
   1.28190547 226.20000000 -167.87235896 
   1.28190547 228.40000000 -167.87169126 
   1.28190547 230.60000000 -167.87094767 
   1.28190547 232.80000000 -167.87012326 
   1.28190547 235.00000000 -167.86921343 
   1.33190547 180.00000000 -167.86193591 
   1.33190547 182.20000000 -167.86195729 
   1.33190547 184.40000000 -167.86195806 
   1.33190547 186.60000000 -167.86196012 
   1.33190547 188.80000000 -167.86196651 
   1.33190547 191.00000000 -167.86196971 
   1.33190547 193.20000000 -167.86196996 
   1.33190547 195.40000000 -167.86196588 
   1.33190547 197.60000000 -167.86195581 
   1.33190547 199.80000000 -167.86193787 
   1.33190547 202.00000000 -167.86190981 
   1.33190547 204.20000000 -167.86186878 
   1.33190547 206.40000000 -167.86181166 
   1.33190547 208.60000000 -167.86173512 
   1.33190547 210.80000000 -167.86163539 
   1.33190547 213.00000000 -167.86150826 
   1.33190547 215.20000000 -167.86134899 
   1.33190547 217.40000000 -167.86113648 
   1.33190547 219.60000000 -167.86089648 
   1.33190547 221.80000000 -167.86061078 
   1.33190547 224.00000000 -167.86027296 
   1.33190547 226.20000000 -167.85987749 
   1.33190547 228.40000000 -167.85941873 
   1.33190547 230.60000000 -167.85889111 
   1.33190547 232.80000000 -167.85828874 
   1.33190547 235.00000000 -167.85760570 
   1.38190547 180.00000000 -167.84437661 
   1.38190547 182.20000000 -167.84438756 
   1.38190547 184.40000000 -167.84439585 
   1.38190547 186.60000000 -167.84442537 
   1.38190547 188.80000000 -167.84446223 
   1.38190547 191.00000000 -167.84450566 
   1.38190547 193.20000000 -167.84455521 
   1.38190547 195.40000000 -167.84460991 
   1.38190547 197.60000000 -167.84466848 
   1.38190547 199.80000000 -167.84472921 
   1.38190547 202.00000000 -167.84478997 
   1.38190547 204.20000000 -167.84482793 
   1.38190547 206.40000000 -167.84487852 
   1.38190547 208.60000000 -167.84491986 
   1.38190547 210.80000000 -167.84494778 
   1.38190547 213.00000000 -167.84495813 
   1.38190547 215.20000000 -167.84494607 
   1.38190547 217.40000000 -167.84490645 
   1.38190547 219.60000000 -167.84483377 
   1.38190547 221.80000000 -167.84472259 
   1.38190547 224.00000000 -167.84456731 
   1.38190547 226.20000000 -167.84436175 
   1.38190547 228.40000000 -167.84409948 
   1.38190547 230.60000000 -167.84377406 
   1.38190547 232.80000000 -167.84337871 
   1.38190547 235.00000000 -167.84290689 
   1.43190547 180.00000000 -167.82508297 
   1.43190547 182.20000000 -167.82509490 
   1.43190547 184.40000000 -167.82512217 
   1.43190547 186.60000000 -167.82517887 
   1.43190547 188.80000000 -167.82524587 
   1.43190547 191.00000000 -167.82532559 
   1.43190547 193.20000000 -167.82541982 
   1.43190547 195.40000000 -167.82552863 
   1.43190547 197.60000000 -167.82562419 
   1.43190547 199.80000000 -167.82575583 
   1.43190547 202.00000000 -167.82589768 
   1.43190547 204.20000000 -167.82604598 
   1.43190547 206.40000000 -167.82619788 
   1.43190547 208.60000000 -167.82635007 
   1.43190547 210.80000000 -167.82649852 
   1.43190547 213.00000000 -167.82663884 
   1.43190547 215.20000000 -167.82676608 
   1.43190547 217.40000000 -167.82687477 
   1.43190547 219.60000000 -167.82695920 
   1.43190547 221.80000000 -167.82701321 
   1.43190547 224.00000000 -167.82703039 
   1.43190547 226.20000000 -167.82700417 
   1.43190547 228.40000000 -167.82692749 
   1.43190547 230.60000000 -167.82679261 
   1.43190547 232.80000000 -167.82659198 
   1.43190547 235.00000000 -167.82632971 
   1.48190547 180.00000000 -167.80499349 
   1.48190547 182.20000000 -167.80500335 
   1.48190547 184.40000000 -167.80502790 
   1.48190547 186.60000000 -167.80512110 
   1.48190547 188.80000000 -167.80521008 
   1.48190547 191.00000000 -167.80532163 
   1.48190547 193.20000000 -167.80542437 
   1.48190547 195.40000000 -167.80558106 
   1.48190547 197.60000000 -167.80575926 
   1.48190547 199.80000000 -167.80595708 
   1.48190547 202.00000000 -167.80617302 
   1.48190547 204.20000000 -167.80640521 
   1.48190547 206.40000000 -167.80665114 
   1.48190547 208.60000000 -167.80690788 
   1.48190547 210.80000000 -167.80717173 
   1.48190547 213.00000000 -167.80745976 
   1.48190547 215.20000000 -167.80769848 
   1.48190547 217.40000000 -167.80795431 
   1.48190547 219.60000000 -167.80820421 
   1.48190547 221.80000000 -167.80840525 
   1.48190547 224.00000000 -167.80859765 
   1.48190547 226.20000000 -167.80873997 
   1.48190547 228.40000000 -167.80884029 
   1.48190547 230.60000000 -167.80889373 
   1.48190547 232.80000000 -167.80886353 
   1.48190547 235.00000000 -167.80880452 
   1.53190547 180.00000000 -167.78485101 
   1.53190547 182.20000000 -167.78484770 
   1.53190547 184.40000000 -167.78491190 
   1.53190547 186.60000000 -167.78499495 
   1.53190547 188.80000000 -167.78509980 
   1.53190547 191.00000000 -167.78519447 
   1.53190547 193.20000000 -167.78535594 
   1.53190547 195.40000000 -167.78554554 
   1.53190547 197.60000000 -167.78576281 
   1.53190547 199.80000000 -167.78600673 
   1.53190547 202.00000000 -167.78633035 
   1.53190547 204.20000000 -167.78659751 
   1.53190547 206.40000000 -167.78694325 
   1.53190547 208.60000000 -167.78736830 
   1.53190547 210.80000000 -167.78777291 
   1.53190547 213.00000000 -167.78823721 
   1.53190547 215.20000000 -167.78865317 
   1.53190547 217.40000000 -167.78906463 
   1.53190547 219.60000000 -167.78952155 
   1.53190547 221.80000000 -167.78989803 
   1.53190547 224.00000000 -167.79027096 
   1.53190547 226.20000000 -167.79062426 
   1.53190547 228.40000000 -167.79093788 
   1.53190547 230.60000000 -167.79119676 
   1.53190547 232.80000000 -167.79138305 
   1.53190547 235.00000000 -167.79151758 
   1.58190547 180.00000000 -167.76523921 
   1.58190547 182.20000000 -167.76525642 
   1.58190547 184.40000000 -167.76536474 
   1.58190547 186.60000000 -167.76548681 
   1.58190547 188.80000000 -167.76568514 
   1.58190547 191.00000000 -167.76590241 
   1.58190547 193.20000000 -167.76617561 
   1.58190547 195.40000000 -167.76651118 
   1.58190547 197.60000000 -167.76690894 
   1.58190547 199.80000000 -167.76735434 
   1.58190547 202.00000000 -167.76784231 
   1.58190547 204.20000000 -167.76836672 
   1.58190547 206.40000000 -167.76892162 
   1.58190547 208.60000000 -167.76950074 
   1.58190547 210.80000000 -167.77009706 
   1.58190547 213.00000000 -167.77070318 
   1.58190547 215.20000000 -167.77131143 
   1.58190547 217.40000000 -167.77191411 
   1.58190547 219.60000000 -167.77250387 
   1.58190547 221.80000000 -167.77307351 
   1.58190547 224.00000000 -167.77361582 
   1.58190547 226.20000000 -167.77412346 
   1.58190547 228.40000000 -167.77458869 
   1.58190547 230.60000000 -167.77500310 
   1.58190547 232.80000000 -167.77535855 
   1.58190547 235.00000000 -167.77564743 
   1.63190547 180.00000000 -167.74875949 
   1.63190547 182.20000000 -167.74873362 
   1.63190547 184.40000000 -167.74881537 
   1.63190547 186.60000000 -167.74898894 
   1.63190547 188.80000000 -167.74919628 
   1.63190547 191.00000000 -167.74953679 
   1.63190547 193.20000000 -167.74994905 
   1.63190547 195.40000000 -167.75037257 
   1.63190547 197.60000000 -167.75075605 
   1.63190547 199.80000000 -167.75138239 
   1.63190547 202.00000000 -167.75186721 
   1.63190547 204.20000000 -167.75258722 
   1.63190547 206.40000000 -167.75313828 
   1.63190547 208.60000000 -167.75391630 
   1.63190547 210.80000000 -167.75451695 
   1.63190547 213.00000000 -167.75527789 
   1.63190547 215.20000000 -167.75596893 
   1.63190547 217.40000000 -167.75668782 
   1.63190547 219.60000000 -167.75737042 
   1.63190547 221.80000000 -167.75806061 
   1.63190547 224.00000000 -167.75869726 
   1.63190547 226.20000000 -167.75933196 
   1.63190547 228.40000000 -167.75989306 
   1.63190547 230.60000000 -167.76044246 
   1.63190547 232.80000000 -167.76087399 
   1.63190547 235.00000000 -167.76134715 
   1.68190547 180.00000000 -167.73417305 
   1.68190547 182.20000000 -167.73414875 
   1.68190547 184.40000000 -167.73429615 
   1.68190547 186.60000000 -167.73442326 
   1.68190547 188.80000000 -167.73477735 
   1.68190547 191.00000000 -167.73513090 
   1.68190547 193.20000000 -167.73554929 
   1.68190547 195.40000000 -167.73603066 
   1.68190547 197.60000000 -167.73647041 
   1.68190547 199.80000000 -167.73716890 
   1.68190547 202.00000000 -167.73771354 
   1.68190547 204.20000000 -167.73850195 
   1.68190547 206.40000000 -167.73912416 
   1.68190547 208.60000000 -167.73988148 
   1.68190547 210.80000000 -167.74065260 
   1.68190547 213.00000000 -167.74143577 
   1.68190547 215.20000000 -167.74222316 
   1.68190547 217.40000000 -167.74300672 
   1.68190547 219.60000000 -167.74377953 
   1.68190547 221.80000000 -167.74453516 
   1.68190547 224.00000000 -167.74526669 
   1.68190547 226.20000000 -167.74596667 
   1.68190547 228.40000000 -167.74662772 
   1.68190547 230.60000000 -167.74731702 
   1.68190547 232.80000000 -167.74786829 
   1.68190547 235.00000000 -167.74835352 
   1.73190547 180.00000000 -167.72109721 
   1.73190547 182.20000000 -167.72113429 
   1.73190547 184.40000000 -167.72127091 
   1.73190547 186.60000000 -167.72148292 
   1.73190547 188.80000000 -167.72181692 
   1.73190547 191.00000000 -167.72219848 
   1.73190547 193.20000000 -167.72265095 
   1.73190547 195.40000000 -167.72306322 
   1.73190547 197.60000000 -167.72375526 
   1.73190547 199.80000000 -167.72429533 
   1.73190547 202.00000000 -167.72510191 
   1.73190547 204.20000000 -167.72573257 
   1.73190547 206.40000000 -167.72651666 
   1.73190547 208.60000000 -167.72732108 
   1.73190547 210.80000000 -167.72814780 
   1.73190547 213.00000000 -167.72898844 
   1.73190547 215.20000000 -167.72983416 
   1.73190547 217.40000000 -167.73067704 
   1.73190547 219.60000000 -167.73151005 
   1.73190547 221.80000000 -167.73232663 
   1.73190547 224.00000000 -167.73312011 
   1.73190547 226.20000000 -167.73388380 
   1.73190547 228.40000000 -167.73461087 
   1.73190547 230.60000000 -167.73529383 
   1.73190547 232.80000000 -167.73600107 
   1.73190547 235.00000000 -167.73656620 
   1.78190547 180.00000000 -167.70934271 
   1.78190547 182.20000000 -167.70942162 
   1.78190547 184.40000000 -167.70949847 
   1.78190547 186.60000000 -167.70972475 
   1.78190547 188.80000000 -167.71011645 
   1.78190547 191.00000000 -167.71051764 
   1.78190547 193.20000000 -167.71087620 
   1.78190547 195.40000000 -167.71153111 
   1.78190547 197.60000000 -167.71207926 
   1.78190547 199.80000000 -167.71278619 
   1.78190547 202.00000000 -167.71351494 
   1.78190547 204.20000000 -167.71429528 
   1.78190547 206.40000000 -167.71511348 
   1.78190547 208.60000000 -167.71596238 
   1.78190547 210.80000000 -167.71679681 
   1.78190547 213.00000000 -167.71768185 
   1.78190547 215.20000000 -167.71857339 
   1.78190547 217.40000000 -167.71946248 
   1.78190547 219.60000000 -167.72034202 
   1.78190547 221.80000000 -167.72120588 
   1.78190547 224.00000000 -167.72204763 
   1.78190547 226.20000000 -167.72286082 
   1.78190547 228.40000000 -167.72367724 
   1.78190547 230.60000000 -167.72443489 
   1.78190547 232.80000000 -167.72510826 
   1.78190547 235.00000000 -167.72576436 
   1.83190547 180.00000000 -167.69873803 
   1.83190547 182.20000000 -167.69879409 
   1.83190547 184.40000000 -167.69889833 
   1.83190547 186.60000000 -167.69920649 
   1.83190547 188.80000000 -167.69949488 
   1.83190547 191.00000000 -167.69990335 
   1.83190547 193.20000000 -167.70040597 
   1.83190547 195.40000000 -167.70097223 
   1.83190547 197.60000000 -167.70161235 
   1.83190547 199.80000000 -167.70231597 
   1.83190547 202.00000000 -167.70307443 
   1.83190547 204.20000000 -167.70388058 
   1.83190547 206.40000000 -167.70472650 
   1.83190547 208.60000000 -167.70560474 
   1.83190547 210.80000000 -167.70650777 
   1.83190547 213.00000000 -167.70742663 
   1.83190547 215.20000000 -167.70835178 
   1.83190547 217.40000000 -167.70927492 
   1.83190547 219.60000000 -167.71018963 
   1.83190547 221.80000000 -167.71105373 
   1.83190547 224.00000000 -167.71196392 
   1.83190547 226.20000000 -167.71278492 
   1.83190547 228.40000000 -167.71363000 
   1.83190547 230.60000000 -167.71440170 
   1.83190547 232.80000000 -167.71512203 
   1.83190547 235.00000000 -167.71583224 
   1.88190547 180.00000000 -167.68942272 
   1.88190547 182.20000000 -167.68938765 
   1.88190547 184.40000000 -167.68961853 
   1.88190547 186.60000000 -167.68987699 
   1.88190547 188.80000000 -167.69015010 
   1.88190547 191.00000000 -167.69054592 
   1.88190547 193.20000000 -167.69103241 
   1.88190547 195.40000000 -167.69159555 
   1.88190547 197.60000000 -167.69225263 
   1.88190547 199.80000000 -167.69291124 
   1.88190547 202.00000000 -167.69371607 
   1.88190547 204.20000000 -167.69452560 
   1.88190547 206.40000000 -167.69535636 
   1.88190547 208.60000000 -167.69627568 
   1.88190547 210.80000000 -167.69717282 
   1.88190547 213.00000000 -167.69811630 
   1.88190547 215.20000000 -167.69905651 
   1.88190547 217.40000000 -167.70000141 
   1.88190547 219.60000000 -167.70093724 
   1.88190547 221.80000000 -167.70186168 
   1.88190547 224.00000000 -167.70276445 
   1.88190547 226.20000000 -167.70364254 
   1.88190547 228.40000000 -167.70448403 
   1.88190547 230.60000000 -167.70527492 
   1.88190547 232.80000000 -167.70606095 
   1.88190547 235.00000000 -167.70673779 
   1.93190547 180.00000000 -167.68171046 
   1.93190547 182.20000000 -167.68161476 
   1.93190547 184.40000000 -167.68165700 
   1.93190547 186.60000000 -167.68196078 
   1.93190547 188.80000000 -167.68221803 
   1.93190547 191.00000000 -167.68261435 
   1.93190547 193.20000000 -167.68304177 
   1.93190547 195.40000000 -167.68354506 
   1.93190547 197.60000000 -167.68414649 
   1.93190547 199.80000000 -167.68478864 
   1.93190547 202.00000000 -167.68552348 
   1.93190547 204.20000000 -167.68629795 
   1.93190547 206.40000000 -167.68712477 
   1.93190547 208.60000000 -167.68798900 
   1.93190547 210.80000000 -167.68888541 
   1.93190547 213.00000000 -167.68980510 
   1.93190547 215.20000000 -167.69073870 
   1.93190547 217.40000000 -167.69167712 
   1.93190547 219.60000000 -167.69261588 
   1.93190547 221.80000000 -167.69354306 
   1.93190547 224.00000000 -167.69444995 
   1.93190547 226.20000000 -167.69533114 
   1.93190547 228.40000000 -167.69618108 
   1.93190547 230.60000000 -167.69699439 
   1.93190547 232.80000000 -167.69776565 
   1.93190547 235.00000000 -167.69848914 
   1.98190547 180.00000000 -167.67536513 
   1.98190547 182.20000000 -167.67542491 
   1.98190547 184.40000000 -167.67551975 
   1.98190547 186.60000000 -167.67563298 
   1.98190547 188.80000000 -167.67585857 
   1.98190547 191.00000000 -167.67617261 
   1.98190547 193.20000000 -167.67652714 
   1.98190547 195.40000000 -167.67695205 
   1.98190547 197.60000000 -167.67744557 
   1.98190547 199.80000000 -167.67801230 
   1.98190547 202.00000000 -167.67864379 
   1.98190547 204.20000000 -167.67935231 
   1.98190547 206.40000000 -167.68009745 
   1.98190547 208.60000000 -167.68089244 
   1.98190547 210.80000000 -167.68172857 
   1.98190547 213.00000000 -167.68259706 
   1.98190547 215.20000000 -167.68348756 
   1.98190547 217.40000000 -167.68439026 
   1.98190547 219.60000000 -167.68529644 
   1.98190547 221.80000000 -167.68619785 
   1.98190547 224.00000000 -167.68708638 
   1.98190547 226.20000000 -167.68795426 
   1.98190547 228.40000000 -167.68879872 
   1.98190547 230.60000000 -167.68961062 
   1.98190547 232.80000000 -167.69037698 
   1.98190547 235.00000000 -167.69110096 
   2.03190547 180.00000000 -167.67054888 
   2.03190547 182.20000000 -167.67054765 
   2.03190547 184.40000000 -167.67061202 
   2.03190547 186.60000000 -167.67074281 
   2.03190547 188.80000000 -167.67092688 
   2.03190547 191.00000000 -167.67115654 
   2.03190547 193.20000000 -167.67144175 
   2.03190547 195.40000000 -167.67177578 
   2.03190547 197.60000000 -167.67217156 
   2.03190547 199.80000000 -167.67261944 
   2.03190547 202.00000000 -167.67313757 
   2.03190547 204.20000000 -167.67371738 
   2.03190547 206.40000000 -167.67435534 
   2.03190547 208.60000000 -167.67504640 
   2.03190547 210.80000000 -167.67578556 
   2.03190547 213.00000000 -167.67656485 
   2.03190547 215.20000000 -167.67737452 
   2.03190547 217.40000000 -167.67820511 
   2.03190547 219.60000000 -167.67904809 
   2.03190547 221.80000000 -167.67989503 
   2.03190547 224.00000000 -167.68073699 
   2.03190547 226.20000000 -167.68156494 
   2.03190547 228.40000000 -167.68237121 
   2.03190547 230.60000000 -167.68314948 
   2.03190547 232.80000000 -167.68391005 
   2.03190547 235.00000000 -167.68461418 
   2.08190547 180.00000000 -167.66685187 
   2.08190547 182.20000000 -167.66686549 
   2.08190547 184.40000000 -167.66692546 
   2.08190547 186.60000000 -167.66702187 
   2.08190547 188.80000000 -167.66715260 
   2.08190547 191.00000000 -167.66732553 
   2.08190547 193.20000000 -167.66753950 
   2.08190547 195.40000000 -167.66777695 
   2.08190547 197.60000000 -167.66808086 
   2.08190547 199.80000000 -167.66842918 
   2.08190547 202.00000000 -167.66883128 
   2.08190547 204.20000000 -167.66929131 
   2.08190547 206.40000000 -167.66980805 
   2.08190547 208.60000000 -167.67037857 
   2.08190547 210.80000000 -167.67100053 
   2.08190547 213.00000000 -167.67166811 
   2.08190547 215.20000000 -167.67237328 
   2.08190547 217.40000000 -167.67310741 
   2.08190547 219.60000000 -167.67386278 
   2.08190547 221.80000000 -167.67463132 
   2.08190547 224.00000000 -167.67540347 
   2.08190547 226.20000000 -167.67616963 
   2.08190547 228.40000000 -167.67692165 
   2.08190547 230.60000000 -167.67765266 
   2.08190547 232.80000000 -167.67835576 
   2.08190547 235.00000000 -167.67902351 
   2.13190547 180.00000000 -167.66408068 
   2.13190547 182.20000000 -167.66407236 
   2.13190547 184.40000000 -167.66409819 
   2.13190547 186.60000000 -167.66418283 
   2.13190547 188.80000000 -167.66428223 
   2.13190547 191.00000000 -167.66438694 
   2.13190547 193.20000000 -167.66456226 
   2.13190547 195.40000000 -167.66473272 
   2.13190547 197.60000000 -167.66495926 
   2.13190547 199.80000000 -167.66521654 
   2.13190547 202.00000000 -167.66552422 
   2.13190547 204.20000000 -167.66587895 
   2.13190547 206.40000000 -167.66628312 
   2.13190547 208.60000000 -167.66673765 
   2.13190547 210.80000000 -167.66724170 
   2.13190547 213.00000000 -167.66779266 
   2.13190547 215.20000000 -167.66838531 
   2.13190547 217.40000000 -167.66901317 
   2.13190547 219.60000000 -167.66966950 
   2.13190547 221.80000000 -167.67034645 
   2.13190547 224.00000000 -167.67103477 
   2.13190547 226.20000000 -167.67172514 
   2.13190547 228.40000000 -167.67240913 
   2.13190547 230.60000000 -167.67307909 
   2.13190547 232.80000000 -167.67372752 
   2.13190547 235.00000000 -167.67434699 
