   1.02412825  55.00000000 -167.49785892 
   1.02412825  60.00000000 -167.59402182 
   1.02412825  65.00000000 -167.64544468 
   1.02412825  70.00000000 -167.66985153 
   1.02412825  75.00000000 -167.67838330 
   1.02412825  80.00000000 -167.67846128 
   1.02412825  85.00000000 -167.67614369 
   1.02412825  90.00000000 -167.73924290 
   1.02412825  95.00000000 -167.75163911 
   1.02412825 100.00000000 -167.76617040 
   1.02412825 105.00000000 -167.78398165 
   1.02412825 110.00000000 -167.80382943 
   1.02412825 115.00000000 -167.82343162 
   1.02412825 120.00000000 -167.84139594 
   1.02412825 125.00000000 -167.85733642 
   1.02412825 130.00000000 -167.87124102 
   1.02412825 135.00000000 -167.88321521 
   1.02412825 140.00000000 -167.89346202 
   1.02412825 145.00000000 -167.90217186 
   1.02412825 150.00000000 -167.90945127 
   1.02412825 155.00000000 -167.91543611 
   1.02412825 160.00000000 -167.92021720 
   1.02412825 165.00000000 -167.92386470 
   1.02412825 170.00000000 -167.92642264 
   1.02412825 175.00000000 -167.92795041 
   1.02412825 180.00000000 -167.92846675 
   1.07412825  55.00000000 -167.58268723 
   1.07412825  60.00000000 -167.67054956 
   1.07412825  65.00000000 -167.71606052 
   1.07412825  70.00000000 -167.73618934 
   1.07412825  75.00000000 -167.74138463 
   1.07412825  80.00000000 -167.73837270 
   1.07412825  85.00000000 -167.73267858 
   1.07412825  90.00000000 -167.79092564 
   1.07412825  95.00000000 -167.80185362 
   1.07412825 100.00000000 -167.81484113 
   1.07412825 105.00000000 -167.83142265 
   1.07412825 110.00000000 -167.85062959 
   1.07412825 115.00000000 -167.86982452 
   1.07412825 120.00000000 -167.88738157 
   1.07412825 125.00000000 -167.90280925 
   1.07412825 130.00000000 -167.91625476 
   1.07412825 135.00000000 -167.92781150 
   1.07412825 140.00000000 -167.93769433 
   1.07412825 145.00000000 -167.94606302 
   1.07412825 150.00000000 -167.95308485 
   1.07412825 155.00000000 -167.95885949 
   1.07412825 160.00000000 -167.96347740 
   1.07412825 165.00000000 -167.96704189 
   1.07412825 170.00000000 -167.96952461 
   1.07412825 175.00000000 -167.97099121 
   1.07412825 180.00000000 -167.97146424 
   1.12412825  55.00000000 -167.64801658 
   1.12412825  60.00000000 -167.72736028 
   1.12412825  65.00000000 -167.76707184 
   1.12412825  70.00000000 -167.78321763 
   1.12412825  75.00000000 -167.78546300 
   1.12412825  80.00000000 -167.77986038 
   1.12412825  85.00000000 -167.77105457 
   1.12412825  90.00000000 -167.76615136 
   1.12412825  95.00000000 -167.83406299 
   1.12412825 100.00000000 -167.84551366 
   1.12412825 105.00000000 -167.86091737 
   1.12412825 110.00000000 -167.87965742 
   1.12412825 115.00000000 -167.89855698 
   1.12412825 120.00000000 -167.91571476 
   1.12412825 125.00000000 -167.93069102 
   1.12412825 130.00000000 -167.94369551 
   1.12412825 135.00000000 -167.95488011 
   1.12412825 140.00000000 -167.96442410 
   1.12412825 145.00000000 -167.97252623 
   1.12412825 150.00000000 -167.97931722 
   1.12412825 155.00000000 -167.98490656 
   1.12412825 160.00000000 -167.98937881 
   1.12412825 165.00000000 -167.99279974 
   1.12412825 170.00000000 -167.99521419 
   1.12412825 175.00000000 -167.99668236 
   1.12412825 180.00000000 -167.99714370 
   1.17412825  55.00000000 -167.69852270 
   1.17412825  60.00000000 -167.76928812 
   1.17412825  65.00000000 -167.80337307 
   1.17412825  70.00000000 -167.81587424 
   1.17412825  75.00000000 -167.81557825 
   1.17412825  80.00000000 -167.80784556 
   1.17412825  85.00000000 -167.79645922 
   1.17412825  90.00000000 -167.84485320 
   1.17412825  95.00000000 -167.85309728 
   1.17412825 100.00000000 -167.86311070 
   1.17412825 105.00000000 -167.87739319 
   1.17412825 110.00000000 -167.89589350 
   1.17412825 115.00000000 -167.91455794 
   1.17412825 120.00000000 -167.93133171 
   1.17412825 125.00000000 -167.94584466 
   1.17412825 130.00000000 -167.95842014 
   1.17412825 135.00000000 -167.96921389 
   1.17412825 140.00000000 -167.97843960 
   1.17412825 145.00000000 -167.98626852 
   1.17412825 150.00000000 -167.99283540 
   1.17412825 155.00000000 -167.99824435 
   1.17412825 160.00000000 -168.00257583 
   1.17412825 165.00000000 -168.00588973 
   1.17412825 170.00000000 -168.00822982 
   1.17412825 175.00000000 -168.00967017 
   1.17412825 180.00000000 -168.01010678 
   1.22412825  55.00000000 -167.73787750 
   1.22412825  60.00000000 -167.80000090 
   1.22412825  65.00000000 -167.82868848 
   1.22412825  70.00000000 -167.83788417 
   1.22412825  75.00000000 -167.83546777 
   1.22412825  80.00000000 -167.82615761 
   1.22412825  85.00000000 -167.81287342 
   1.22412825  90.00000000 -167.85563679 
   1.22412825  95.00000000 -167.86266947 
   1.22412825 100.00000000 -167.87133996 
   1.22412825 105.00000000 -167.88466232 
   1.22412825 110.00000000 -167.90318022 
   1.22412825 115.00000000 -167.92159827 
   1.22412825 120.00000000 -167.93790285 
   1.22412825 125.00000000 -167.95190164 
   1.22412825 130.00000000 -167.96400933 
   1.22412825 135.00000000 -167.97439227 
   1.22412825 140.00000000 -167.98327099 
   1.22412825 145.00000000 -167.99081066 
   1.22412825 150.00000000 -167.99713891 
   1.22412825 155.00000000 -168.00235466 
   1.22412825 160.00000000 -168.00653438 
   1.22412825 165.00000000 -168.00973525 
   1.22412825 170.00000000 -168.01202576 
   1.22412825 175.00000000 -168.01337326 
   1.22412825 180.00000000 -168.01381805 
   1.27412825  55.00000000 -167.76874766 
   1.27412825  60.00000000 -167.82221204 
   1.27412825  65.00000000 -167.84581237 
   1.27412825  70.00000000 -167.85205681 
   1.27412825  75.00000000 -167.84795527 
   1.27412825  80.00000000 -167.83761963 
   1.27412825  85.00000000 -167.82451769 
   1.27412825  90.00000000 -167.82159645 
   1.27412825  95.00000000 -167.83554363 
   1.27412825 100.00000000 -167.85404561 
   1.27412825 105.00000000 -167.87072616 
   1.27412825 110.00000000 -167.88654471 
   1.27412825 115.00000000 -167.90224429 
   1.27412825 120.00000000 -167.91803445 
   1.27412825 125.00000000 -167.93368803 
   1.27412825 130.00000000 -167.94846220 
   1.27412825 135.00000000 -167.96153459 
   1.27412825 140.00000000 -167.97273943 
   1.27412825 145.00000000 -167.98225783 
   1.27412825 150.00000000 -167.99018298 
   1.27412825 155.00000000 -167.99664893 
   1.27412825 160.00000000 -168.00185403 
   1.27412825 165.00000000 -168.00582271 
   1.27412825 170.00000000 -168.00861852 
   1.27412825 175.00000000 -168.01028104 
   1.27412825 180.00000000 -168.01083357 
   1.32412825  55.00000000 -167.79291585 
   1.32412825  60.00000000 -167.83795461 
   1.32412825  65.00000000 -167.85680740 
   1.32412825  70.00000000 -167.86048949 
   1.32412825  75.00000000 -167.85511047 
   1.32412825  80.00000000 -167.84433116 
   1.32412825  85.00000000 -167.83345043 
   1.32412825  90.00000000 -167.83444212 
   1.32412825  95.00000000 -167.84731243 
   1.32412825 100.00000000 -167.86315440 
   1.32412825 105.00000000 -167.87784425 
   1.32412825 110.00000000 -167.89174375 
   1.32412825 115.00000000 -167.90541804 
   1.32412825 120.00000000 -167.91904999 
   1.32412825 125.00000000 -167.93254156 
   1.32412825 130.00000000 -167.94557930 
   1.32412825 135.00000000 -167.95749812 
   1.32412825 140.00000000 -167.96784447 
   1.32412825 145.00000000 -167.97664169 
   1.32412825 150.00000000 -167.98403138 
   1.32412825 155.00000000 -167.99006335 
   1.32412825 160.00000000 -167.99484433 
   1.32412825 165.00000000 -167.99852770 
   1.32412825 170.00000000 -168.00111010 
   1.32412825 175.00000000 -168.00265127 
   1.32412825 180.00000000 -168.00316349 
   1.37412825  55.00000000 -167.81149059 
   1.37412825  60.00000000 -167.84863848 
   1.37412825  65.00000000 -167.86323218 
   1.37412825  70.00000000 -167.86474203 
   1.37412825  75.00000000 -167.85849470 
   1.37412825  80.00000000 -167.84776292 
   1.37412825  85.00000000 -167.83986856 
   1.37412825  90.00000000 -167.84322181 
   1.37412825  95.00000000 -167.85502462 
   1.37412825 100.00000000 -167.86869880 
   1.37412825 105.00000000 -167.88158245 
   1.37412825 110.00000000 -167.89374115 
   1.37412825 115.00000000 -167.90560233 
   1.37412825 120.00000000 -167.91729538 
   1.37412825 125.00000000 -167.92878529 
   1.37412825 130.00000000 -167.93996798 
   1.37412825 135.00000000 -167.95050355 
   1.37412825 140.00000000 -167.95988704 
   1.37412825 145.00000000 -167.96794213 
   1.37412825 150.00000000 -167.97469781 
   1.37412825 155.00000000 -167.98028135 
   1.37412825 160.00000000 -167.98470405 
   1.37412825 165.00000000 -167.98805016 
   1.37412825 170.00000000 -167.99043372 
   1.37412825 175.00000000 -167.99183197 
   1.37412825 180.00000000 -167.99230222 
   1.42412825  55.00000000 -167.82532716 
   1.42412825  60.00000000 -167.85537799 
   1.42412825  65.00000000 -167.86626826 
   1.42412825  70.00000000 -167.86597950 
   1.42412825  75.00000000 -167.85916610 
   1.42412825  80.00000000 -167.84906816 
   1.42412825  85.00000000 -167.84404792 
   1.42412825  90.00000000 -167.84881780 
   1.42412825  95.00000000 -167.85953777 
   1.42412825 100.00000000 -167.87151236 
   1.42412825 105.00000000 -167.88280557 
   1.42412825 110.00000000 -167.89342225 
   1.42412825 115.00000000 -167.90366142 
   1.42412825 120.00000000 -167.91363263 
   1.42412825 125.00000000 -167.92334346 
   1.42412825 130.00000000 -167.93273785 
   1.42412825 135.00000000 -167.94171770 
   1.42412825 140.00000000 -167.95003158 
   1.42412825 145.00000000 -167.95728295 
   1.42412825 150.00000000 -167.96341701 
   1.42412825 155.00000000 -167.96846626 
   1.42412825 160.00000000 -167.97253311 
   1.42412825 165.00000000 -167.97560458 
   1.42412825 170.00000000 -167.97776730 
   1.42412825 175.00000000 -167.97903850 
   1.42412825 180.00000000 -167.97947225 
   1.47412825  55.00000000 -167.83513604 
   1.47412825  60.00000000 -167.85898060 
   1.47412825  65.00000000 -167.86673871 
   1.47412825  70.00000000 -167.86506654 
   1.47412825  75.00000000 -167.85798190 
   1.47412825  80.00000000 -167.84901784 
   1.47412825  85.00000000 -167.84644233 
   1.47412825  90.00000000 -167.85194593 
   1.47412825  95.00000000 -167.86173536 
   1.47412825 100.00000000 -167.87243615 
   1.47412825 105.00000000 -167.88219209 
   1.47412825 110.00000000 -167.89144455 
   1.47412825 115.00000000 -167.90025041 
   1.47412825 120.00000000 -167.90870305 
   1.47412825 125.00000000 -167.91682942 
   1.47412825 130.00000000 -167.92461768 
   1.47412825 135.00000000 -167.93210509 
   1.47412825 140.00000000 -167.93917153 
   1.47412825 145.00000000 -167.94556570 
   1.47412825 150.00000000 -167.95104023 
   1.47412825 155.00000000 -167.95558361 
   1.47412825 160.00000000 -167.95926991 
   1.47412825 165.00000000 -167.96203550 
   1.47412825 170.00000000 -167.96398038 
   1.47412825 175.00000000 -167.96512524 
   1.47412825 180.00000000 -167.96551680 
   1.52412825  55.00000000 -167.84148179 
   1.52412825  60.00000000 -167.86015275 
   1.52412825  65.00000000 -167.86535318 
   1.52412825  70.00000000 -167.86271457 
   1.52412825  75.00000000 -167.85555737 
   1.52412825  80.00000000 -167.84809105 
   1.52412825  85.00000000 -167.84747177 
   1.52412825  90.00000000 -167.85332667 
   1.52412825  95.00000000 -167.86224603 
   1.52412825 100.00000000 -167.87155680 
   1.52412825 105.00000000 -167.88028300 
   1.52412825 110.00000000 -167.88833532 
   1.52412825 115.00000000 -167.89588126 
   1.52412825 120.00000000 -167.90299963 
   1.52412825 125.00000000 -167.90973340 
   1.52412825 130.00000000 -167.91610424 
   1.52412825 135.00000000 -167.92219364 
   1.52412825 140.00000000 -167.92803090 
   1.52412825 145.00000000 -167.93345179 
   1.52412825 150.00000000 -167.93826209 
   1.52412825 155.00000000 -167.94228445 
   1.52412825 160.00000000 -167.94552786 
   1.52412825 165.00000000 -167.94805335 
   1.52412825 170.00000000 -167.94978872 
   1.52412825 175.00000000 -167.95081625 
   1.52412825 180.00000000 -167.95116785 
   1.57412825  55.00000000 -167.84504535 
   1.57412825  60.00000000 -167.85947825 
   1.57412825  65.00000000 -167.86268191 
   1.57412825  70.00000000 -167.85927413 
   1.57412825  75.00000000 -167.85241248 
   1.57412825  80.00000000 -167.84663638 
   1.57412825  85.00000000 -167.84750789 
   1.57412825  90.00000000 -167.85346812 
   1.57412825  95.00000000 -167.86158411 
   1.57412825 100.00000000 -167.86986205 
   1.57412825 105.00000000 -167.87752688 
   1.57412825 110.00000000 -167.88451987 
   1.57412825 115.00000000 -167.89095749 
   1.57412825 120.00000000 -167.89690778 
   1.57412825 125.00000000 -167.90242592 
   1.57412825 130.00000000 -167.90757421 
   1.57412825 135.00000000 -167.91241027 
   1.57412825 140.00000000 -167.91708745 
   1.57412825 145.00000000 -167.92154436 
   1.57412825 150.00000000 -167.92557113 
   1.57412825 155.00000000 -167.92909236 
   1.57412825 160.00000000 -167.93194105 
   1.57412825 165.00000000 -167.93413265 
   1.57412825 170.00000000 -167.93571674 
   1.57412825 175.00000000 -167.93660196 
   1.57412825 180.00000000 -167.93694230 
   1.62412825  55.00000000 -167.84642447 
   1.62412825  60.00000000 -167.85745616 
   1.62412825  65.00000000 -167.85911427 
   1.62412825  70.00000000 -167.85531866 
   1.62412825  75.00000000 -167.84888000 
   1.62412825  80.00000000 -167.84488419 
   1.62412825  85.00000000 -167.84690349 
   1.62412825  90.00000000 -167.85281065 
   1.62412825  95.00000000 -167.86022433 
   1.62412825 100.00000000 -167.86755440 
   1.62412825 105.00000000 -167.87428636 
   1.62412825 110.00000000 -167.88033844 
   1.62412825 115.00000000 -167.88579883 
   1.62412825 120.00000000 -167.89072801 
   1.62412825 125.00000000 -167.89518960 
   1.62412825 130.00000000 -167.89925502 
   1.62412825 135.00000000 -167.90302733 
   1.62412825 140.00000000 -167.90658625 
   1.62412825 145.00000000 -167.91007806 
   1.62412825 150.00000000 -167.91338811 
   1.62412825 155.00000000 -167.91635556 
   1.62412825 160.00000000 -167.91884106 
   1.62412825 165.00000000 -167.92075144 
   1.62412825 170.00000000 -167.92210603 
   1.62412825 175.00000000 -167.92291968 
   1.62412825 180.00000000 -167.92323113 
   1.67412825  55.00000000 -167.84613864 
   1.67412825  60.00000000 -167.85448516 
   1.67412825  65.00000000 -167.85500946 
   1.67412825  70.00000000 -167.85097444 
   1.67412825  75.00000000 -167.84528696 
   1.67412825  80.00000000 -167.84307375 
   1.67412825  85.00000000 -167.84595454 
   1.67412825  90.00000000 -167.85170289 
   1.67412825  95.00000000 -167.85844834 
   1.67412825 100.00000000 -167.86495854 
   1.67412825 105.00000000 -167.87086024 
   1.67412825 110.00000000 -167.87607250 
   1.67412825 115.00000000 -167.88066339 
   1.67412825 120.00000000 -167.88470489 
   1.67412825 125.00000000 -167.88824666 
   1.67412825 130.00000000 -167.89137364 
   1.67412825 135.00000000 -167.89420265 
   1.67412825 140.00000000 -167.89683338 
   1.67412825 145.00000000 -167.89941163 
   1.67412825 150.00000000 -167.90196220 
   1.67412825 155.00000000 -167.90436608 
   1.67412825 160.00000000 -167.90647448 
   1.67412825 165.00000000 -167.90812843 
   1.67412825 170.00000000 -167.90930433 
   1.67412825 175.00000000 -167.91001152 
   1.67412825 180.00000000 -167.91029410 
   1.72412825  55.00000000 -167.84461618 
   1.72412825  60.00000000 -167.85090967 
   1.72412825  65.00000000 -167.85064307 
   1.72412825  70.00000000 -167.84663201 
   1.72412825  75.00000000 -167.84193226 
   1.72412825  80.00000000 -167.84140458 
   1.72412825  85.00000000 -167.84494453 
   1.72412825  90.00000000 -167.85052265 
   1.72412825  95.00000000 -167.85661181 
   1.72412825 100.00000000 -167.86236967 
   1.72412825 105.00000000 -167.86749996 
   1.72412825 110.00000000 -167.87196426 
   1.72412825 115.00000000 -167.87578905 
   1.72412825 120.00000000 -167.87904749 
   1.72412825 125.00000000 -167.88179031 
   1.72412825 130.00000000 -167.88411005 
   1.72412825 135.00000000 -167.88612341 
   1.72412825 140.00000000 -167.88792531 
   1.72412825 145.00000000 -167.88969808 
   1.72412825 150.00000000 -167.89151407 
   1.72412825 155.00000000 -167.89334340 
   1.72412825 160.00000000 -167.89503948 
   1.72412825 165.00000000 -167.89643852 
   1.72412825 170.00000000 -167.89748774 
   1.72412825 175.00000000 -167.89806626 
   1.72412825 180.00000000 -167.89825244 
   1.77412825  55.00000000 -167.84231739 
   1.77412825  60.00000000 -167.84701225 
   1.77412825  65.00000000 -167.84615684 
   1.77412825  70.00000000 -167.84238959 
   1.77412825  75.00000000 -167.83912837 
   1.77412825  80.00000000 -167.84010608 
   1.77412825  85.00000000 -167.84413316 
   1.77412825  90.00000000 -167.84944677 
   1.77412825  95.00000000 -167.85493616 
   1.77412825 100.00000000 -167.86000153 
   1.77412825 105.00000000 -167.86443641 
   1.77412825 110.00000000 -167.86820869 
   1.77412825 115.00000000 -167.87135479 
   1.77412825 120.00000000 -167.87392297 
   1.77412825 125.00000000 -167.87598875 
   1.77412825 130.00000000 -167.87761834 
   1.77412825 135.00000000 -167.87893607 
   1.77412825 140.00000000 -167.88004002 
   1.77412825 145.00000000 -167.88109732 
   1.77412825 150.00000000 -167.88221800 
   1.77412825 155.00000000 -167.88339908 
   1.77412825 160.00000000 -167.88466241 
   1.77412825 165.00000000 -167.88582228 
   1.77412825 170.00000000 -167.88666915 
   1.77412825 175.00000000 -167.88719316 
   1.77412825 180.00000000 -167.88736333 
   1.82412825  55.00000000 -167.83945531 
   1.82412825  60.00000000 -167.84301722 
   1.82412825  65.00000000 -167.84184923 
   1.82412825  70.00000000 -167.83846053 
   1.82412825  75.00000000 -167.83703460 
   1.82412825  80.00000000 -167.83932768 
   1.82412825  85.00000000 -167.84363812 
   1.82412825  90.00000000 -167.84867218 
   1.82412825  95.00000000 -167.85360267 
   1.82412825 100.00000000 -167.85802451 
   1.82412825 105.00000000 -167.86181238 
   1.82412825 110.00000000 -167.86496413 
   1.82412825 115.00000000 -167.86751042 
   1.82412825 120.00000000 -167.86948472 
   1.82412825 125.00000000 -167.87095600 
   1.82412825 130.00000000 -167.87200464 
   1.82412825 135.00000000 -167.87274111 
   1.82412825 140.00000000 -167.87331406 
   1.82412825 145.00000000 -167.87375192 
   1.82412825 150.00000000 -167.87424379 
   1.82412825 155.00000000 -167.87480919 
   1.82412825 160.00000000 -167.87552587 
   1.82412825 165.00000000 -167.87629871 
   1.82412825 170.00000000 -167.87696515 
   1.82412825 175.00000000 -167.87741156 
   1.82412825 180.00000000 -167.87754743 
   1.87412825  55.00000000 -167.83638800 
   1.87412825  60.00000000 -167.83901159 
   1.87412825  65.00000000 -167.83777284 
   1.87412825  70.00000000 -167.83525396 
   1.87412825  75.00000000 -167.83585626 
   1.87412825  80.00000000 -167.83914121 
   1.87412825  85.00000000 -167.84360400 
   1.87412825  90.00000000 -167.84830444 
   1.87412825  95.00000000 -167.85269226 
   1.87412825 100.00000000 -167.85652088 
   1.87412825 105.00000000 -167.85973097 
   1.87412825 110.00000000 -167.86233040 
   1.87412825 115.00000000 -167.86435165 
   1.87412825 120.00000000 -167.86582672 
   1.87412825 125.00000000 -167.86681872 
   1.87412825 130.00000000 -167.86738959 
   1.87412825 135.00000000 -167.86767097 
   1.87412825 140.00000000 -167.86775570 
   1.87412825 145.00000000 -167.86776061 
   1.87412825 150.00000000 -167.86773484 
   1.87412825 155.00000000 -167.86779559 
   1.87412825 160.00000000 -167.86792137 
   1.87412825 165.00000000 -167.86816720 
   1.87412825 170.00000000 -167.86846006 
   1.87412825 175.00000000 -167.86869386 
   1.87412825 180.00000000 -167.86880774 
   1.92412825  55.00000000 -167.83328615 
   1.92412825  60.00000000 -167.83526166 
   1.92412825  65.00000000 -167.83403669 
   1.92412825  70.00000000 -167.83325746 
   1.92412825  75.00000000 -167.83561787 
   1.92412825  80.00000000 -167.83954388 
   1.92412825  85.00000000 -167.84401294 
   1.92412825  90.00000000 -167.84835044 
   1.92412825  95.00000000 -167.85223536 
   1.92412825 100.00000000 -167.85552463 
   1.92412825 105.00000000 -167.85821847 
   1.92412825 110.00000000 -167.86034361 
   1.92412825 115.00000000 -167.86190748 
   1.92412825 120.00000000 -167.86295981 
   1.92412825 125.00000000 -167.86356425 
   1.92412825 130.00000000 -167.86379204 
   1.92412825 135.00000000 -167.86373433 
   1.92412825 140.00000000 -167.86348021 
   1.92412825 145.00000000 -167.86312530 
   1.92412825 150.00000000 -167.86273501 
   1.92412825 155.00000000 -167.86241447 
   1.92412825 160.00000000 -167.86214514 
   1.92412825 165.00000000 -167.86195929 
   1.92412825 170.00000000 -167.86181723 
   1.92412825 175.00000000 -167.86168098 
   1.92412825 180.00000000 -167.86144652 
   1.97412825  55.00000000 -167.83029574 
   1.97412825  60.00000000 -167.83183732 
   1.97412825  65.00000000 -167.83105901 
   1.97412825  70.00000000 -167.83261420 
   1.97412825  75.00000000 -167.83620278 
   1.97412825  80.00000000 -167.84050043 
   1.97412825  85.00000000 -167.84482663 
   1.97412825  90.00000000 -167.84878111 
   1.97412825  95.00000000 -167.85219886 
   1.97412825 100.00000000 -167.85501204 
   1.97412825 105.00000000 -167.85726767 
   1.97412825 110.00000000 -167.85896264 
   1.97412825 115.00000000 -167.86014841 
   1.97412825 120.00000000 -167.86086702 
   1.97412825 125.00000000 -167.86117453 
   1.97412825 130.00000000 -167.86114097 
   1.97412825 135.00000000 -167.86083683 
   1.97412825 140.00000000 -167.86036587 
   1.97412825 145.00000000 -167.85979311 
   1.97412825 150.00000000 -167.85913076 
   1.97412825 155.00000000 -167.85859657 
   1.97412825 160.00000000 -167.85807666 
   1.97412825 165.00000000 -167.85767138 
   1.97412825 170.00000000 -167.85725663 
   1.97412825 175.00000000 -167.85693931 
   1.97412825 180.00000000 -167.85665806 
   2.02412825  55.00000000 -167.82752408 
   2.02412825  60.00000000 -167.82870795 
   2.02412825  65.00000000 -167.82885406 
   2.02412825  70.00000000 -167.83129993 
   2.02412825  75.00000000 -167.83497634 
   2.02412825  80.00000000 -167.83893357 
   2.02412825  85.00000000 -167.84267924 
   2.02412825  90.00000000 -167.84595324 
   2.02412825  95.00000000 -167.84865226 
   2.02412825 100.00000000 -167.85078642 
   2.02412825 105.00000000 -167.85243679 
   2.02412825 110.00000000 -167.85366923 
   2.02412825 115.00000000 -167.85452406 
   2.02412825 120.00000000 -167.85504732 
   2.02412825 125.00000000 -167.85528736 
   2.02412825 130.00000000 -167.85530036 
   2.02412825 135.00000000 -167.85515300 
   2.02412825 140.00000000 -167.85491506 
   2.02412825 145.00000000 -167.85459723 
   2.02412825 150.00000000 -167.85428651 
   2.02412825 155.00000000 -167.85401455 
   2.02412825 160.00000000 -167.85380816 
   2.02412825 165.00000000 -167.85368418 
   2.02412825 170.00000000 -167.85365466 
   2.02412825 175.00000000 -167.85372448 
   2.02412825 180.00000000 -167.85388198 
