
$orca_hessian_file

$act_atom
  0

$act_coord
  0

$act_energy
        0.000000

$multiplicity
  1

$hessian
9
                    0                  1                  2                  3                  4        
    0      5.0505818858E-01   3.1480462517E-02  -6.1140497777E-08  -4.3077585721E-01   6.7045938386E-02
    1      3.1480462517E-02   9.5528400924E-02  -1.4421650672E-08   6.4608592537E-02  -1.1614691106E-01
    2     -6.1140497777E-08  -1.4421650672E-08  -6.0668551107E-05   1.5344255553E-07   1.2521325781E-07
    3     -4.3077585721E-01   6.4608592537E-02   1.5344255553E-07   5.5564413888E-01   1.7663014532E-02
    4      6.7045938386E-02  -1.1614691106E-01   1.2521325781E-07   1.7663014532E-02   5.3835106413E-01
    5     -2.1453758711E-08  -6.6834136445E-09   8.9899861847E-05  -5.0384803304E-08  -4.8588616803E-08
    6     -7.4282331373E-02  -9.6090894493E-02  -3.3096659191E-08  -1.2486828167E-01  -8.4688898287E-02
    7     -9.8524561464E-02   2.0618510132E-02  -7.6742988199E-08  -8.2291661699E-02  -4.2220415307E-01
    8      2.3388857929E-08  -1.2943554617E-08  -2.9231310740E-05  -7.2389362311E-09  -4.1459682322E-09
                    5                  6                  7                  8        
     0     -2.1453758711E-08  -7.4282331373E-02  -9.8524561464E-02   2.3388857929E-08
     1     -6.6834136445E-09  -9.6090894493E-02   2.0618510132E-02  -1.2943554617E-08
     2      8.9899861847E-05  -3.3096659191E-08  -7.6742988199E-08  -2.9231310740E-05
     3     -5.0384803304E-08  -1.2486828167E-01  -8.2291661699E-02  -7.2389362311E-09
     4     -4.8588616803E-08  -8.4688898287E-02  -4.2220415307E-01  -4.1459682322E-09
     5     -2.2250617715E-04  -2.3980253977E-08  -1.7206642323E-08   1.3260631530E-04
     6     -2.3980253977E-08   1.9915061304E-01   1.8079800797E-01   2.0463495735E-08
     7     -1.7206642323E-08   1.8079800797E-01   4.0158564294E-01   5.5519576686E-08
     8      1.3260631530E-04   2.0463495735E-08   5.5519576686E-08  -1.0337500456E-04

$vibrational_frequencies
9
    0        0.0000000000000000
    1        0.0000000000000000
    2        0.0000000000000000
    3        0.0000000000000000
    4        0.0000000000000000
    5        0.0000000000000000
    6      762.9596844572762393
    7     1253.1651521738820065
    8     1280.0575780958013183

$normal_modes
9 9
                    0                  1                  2                  3                  4        
    0      0.0000000000E+00   0.0000000000E+00   0.0000000000E+00   0.0000000000E+00   0.0000000000E+00
    1      0.0000000000E+00   0.0000000000E+00   0.0000000000E+00   0.0000000000E+00   0.0000000000E+00
    2      0.0000000000E+00   0.0000000000E+00   0.0000000000E+00   0.0000000000E+00   0.0000000000E+00
    3      0.0000000000E+00   0.0000000000E+00   0.0000000000E+00   0.0000000000E+00   0.0000000000E+00
    4      0.0000000000E+00   0.0000000000E+00   0.0000000000E+00   0.0000000000E+00   0.0000000000E+00
    5      0.0000000000E+00   0.0000000000E+00   0.0000000000E+00   0.0000000000E+00   0.0000000000E+00
    6      0.0000000000E+00   0.0000000000E+00   0.0000000000E+00   0.0000000000E+00   0.0000000000E+00
    7      0.0000000000E+00   0.0000000000E+00   0.0000000000E+00   0.0000000000E+00   0.0000000000E+00
    8      0.0000000000E+00   0.0000000000E+00   0.0000000000E+00   0.0000000000E+00   0.0000000000E+00
                    5                  6                  7                  8        
     0      0.0000000000E+00   3.7533310648E-01   4.4973613859E-01  -5.1497038703E-01
     1      0.0000000000E+00   5.0439257614E-01   9.0783468376E-03   7.6595853613E-02
     2      0.0000000000E+00   1.7008690555E-16   8.5033589996E-18   2.0833576565E-16
     3      0.0000000000E+00   2.4245754509E-01  -6.5503224196E-01   3.5771196759E-01
     4      0.0000000000E+00  -3.8831443993E-01  -4.0851940376E-01  -5.7370293755E-01
     5      0.0000000000E+00  -5.5851895751E-17   1.8835280351E-16  -1.1560900132E-16
     6      0.0000000000E+00  -6.1779065157E-01   2.0529610336E-01   1.5725841944E-01
     7      0.0000000000E+00  -1.1607813621E-01   3.9944105692E-01   4.9710708394E-01
     8      0.0000000000E+00  -1.1423500979E-16  -1.9685616251E-16  -9.2726764325E-17

#
# The atoms: label  mass x y z (in bohrs)
#
$atoms
3
 O     15.99900     -1.934137344367    -0.732865394734     0.000000000000
 O     15.99900      0.427563170715    -0.684276654547     0.000000000000
 O     15.99900      1.506574173653     1.417142049281     0.000000000000

$actual_temperature
  0.000000

$frequency_scale_factor
  1.000000

$dipole_derivatives
9
   -5.5493067191E-01   -4.9092598763E-01    2.4785733550E-09
    6.1338991509E-02   -2.2594114998E-01    1.7777637437E-10
    8.8094879385E-06    5.5439846340E-06   -1.0254776782E-01
    1.0131012799E+00    4.7666549819E-01   -3.3615953085E-09
    4.7659023428E-01    5.4855462494E-01   -6.8197465740E-09
    3.4218442434E-06    2.2206293094E-06    2.0522900845E-01
   -4.5816604779E-01    1.4342086591E-02    7.5493457145E-10
   -5.3790449584E-01   -3.2263384067E-01    6.5530828940E-09
   -1.9072992388E-06   -1.2374661168E-06   -1.0270399099E-01

#
# The IR spectrum
#  wavenumber eps Int TX TY TZ
#
$ir_spectrum
9
      0.00   0.00000000   0.00000000     0.000000     0.000000     0.000000
      0.00   0.00000000   0.00000000     0.000000     0.000000     0.000000
      0.00   0.00000000   0.00000000     0.000000     0.000000     0.000000
      0.00   0.00000000   0.00000000     0.000000     0.000000     0.000000
      0.00   0.00000000   0.00000000     0.000000     0.000000     0.000000
      0.00   0.00000000   0.00000000     0.000000     0.000000     0.000000
    762.96   0.00225539  11.39782174     0.016062    -0.025778     0.000000
   1253.17   0.03363021 169.95328962    -0.077604    -0.048499     0.000000
   1280.06   0.00007313   0.36957042     0.002169    -0.003623     0.000000


$end

