   1.13190547 180.00000000 -167.88536582 
   1.13190547 175.00000000 -167.88518032 
   1.13190547 170.00000000 -167.88462847 
   1.13190547 165.00000000 -167.88373868 
   1.13190547 160.00000000 -167.88242061 
   1.13190547 155.00000000 -167.88068713 
   1.13190547 150.00000000 -167.87851198 
   1.13190547 145.00000000 -167.87586901 
   1.13190547 140.00000000 -167.87273762 
   1.13190547 135.00000000 -167.86911103 
   1.13190547 130.00000000 -167.86500669 
   1.13190547 125.00000000 -167.86048303 
   1.13190547 120.00000000 -167.85566878 
   1.13190547 115.00000000 -167.85079178 
   1.13190547 110.00000000 -167.84620098 
   1.13190547 105.00000000 -167.84236085 
   1.13190547 100.00000000 -167.83977357 
   1.13190547  95.00000000 -167.83883617 
   1.13190547  90.00000000 -167.83966432 
   1.13190547  85.00000000 -167.84197392 
   1.13190547  80.00000000 -167.84503474 
   1.13190547  75.00000000 -167.84785492 
   1.13190547  70.00000000 -167.84871923 
   1.13190547  65.00000000 -167.84497660 
   1.13190547  60.00000000 -167.83207986 
   1.13190547  55.00000000 -167.80221514 
   1.18190547 180.00000000 -167.89066599 
   1.18190547 175.00000000 -167.89052999 
   1.18190547 170.00000000 -167.89010495 
   1.18190547 165.00000000 -167.88943227 
   1.18190547 160.00000000 -167.88840542 
   1.18190547 155.00000000 -167.88703873 
   1.18190547 150.00000000 -167.88530264 
   1.18190547 145.00000000 -167.88316526 
   1.18190547 140.00000000 -167.88060030 
   1.18190547 135.00000000 -167.87759382 
   1.18190547 130.00000000 -167.87415607 
   1.18190547 125.00000000 -167.87033946 
   1.18190547 120.00000000 -167.86626854 
   1.18190547 115.00000000 -167.86210308 
   1.18190547 110.00000000 -167.85840713 
   1.18190547 105.00000000 -167.85545847 
   1.18190547 100.00000000 -167.85384088 
   1.18190547  95.00000000 -167.85395237 
   1.18190547  90.00000000 -167.85589615 
   1.18190547  85.00000000 -167.85938383 
   1.18190547  80.00000000 -167.86367971 
   1.18190547  75.00000000 -167.86794446 
   1.18190547  70.00000000 -167.87069350 
   1.18190547  65.00000000 -167.86961582 
   1.18190547  60.00000000 -167.86068507 
   1.18190547  55.00000000 -167.83653743 
   1.23190547 180.00000000 -167.88686514 
   1.23190547 175.00000000 -167.88676348 
   1.23190547 170.00000000 -167.88645399 
   1.23190547 165.00000000 -167.88598399 
   1.23190547 160.00000000 -167.88522347 
   1.23190547 155.00000000 -167.88419619 
   1.23190547 150.00000000 -167.88286609 
   1.23190547 145.00000000 -167.88119678 
   1.23190547 140.00000000 -167.87915436 
   1.23190547 135.00000000 -167.87666496 
   1.23190547 130.00000000 -167.87383219 
   1.23190547 125.00000000 -167.87065491 
   1.23190547 120.00000000 -167.86725267 
   1.23190547 115.00000000 -167.86385741 
   1.23190547 110.00000000 -167.86083954 
   1.23190547 105.00000000 -167.85870217 
   1.23190547 100.00000000 -167.85801056 
   1.23190547  95.00000000 -167.85905459 
   1.23190547  90.00000000 -167.86197833 
   1.23190547  85.00000000 -167.86646907 
   1.23190547  80.00000000 -167.87194535 
   1.23190547  75.00000000 -167.87754862 
   1.23190547  70.00000000 -167.88209463 
   1.23190547  65.00000000 -167.88363104 
   1.23190547  60.00000000 -167.87862062 
   1.23190547  55.00000000 -167.86028874 
   1.28190547 180.00000000 -167.87664166 
   1.28190547 175.00000000 -167.87653937 
   1.28190547 170.00000000 -167.87639338 
   1.28190547 165.00000000 -167.87605332 
   1.28190547 160.00000000 -167.87554353 
   1.28190547 155.00000000 -167.87483244 
   1.28190547 150.00000000 -167.87385206 
   1.28190547 145.00000000 -167.87261347 
   1.28190547 140.00000000 -167.87104154 
   1.28190547 135.00000000 -167.86913286 
   1.28190547 130.00000000 -167.86687226 
   1.28190547 125.00000000 -167.86429711 
   1.28190547 120.00000000 -167.86152350 
   1.28190547 115.00000000 -167.85878058 
   1.28190547 110.00000000 -167.85644507 
   1.28190547 105.00000000 -167.85503244 
   1.28190547 100.00000000 -167.85508793 
   1.28190547  95.00000000 -167.85693918 
   1.28190547  90.00000000 -167.86069936 
   1.28190547  85.00000000 -167.86609865 
   1.28190547  80.00000000 -167.87255545 
   1.28190547  75.00000000 -167.87934009 
   1.28190547  70.00000000 -167.88553852 
   1.28190547  65.00000000 -167.88953520 
   1.28190547  60.00000000 -167.88828168 
   1.28190547  55.00000000 -167.87565009 
   1.33190547 180.00000000 -167.86194346 
   1.33190547 175.00000000 -167.86192660 
   1.33190547 170.00000000 -167.86184293 
   1.33190547 165.00000000 -167.86167174 
   1.33190547 160.00000000 -167.86137352 
   1.33190547 155.00000000 -167.86095563 
   1.33190547 150.00000000 -167.86035873 
   1.33190547 145.00000000 -167.85953760 
   1.33190547 140.00000000 -167.85843838 
   1.33190547 135.00000000 -167.85702935 
   1.33190547 130.00000000 -167.85531376 
   1.33190547 125.00000000 -167.85331760 
   1.33190547 120.00000000 -167.85114132 
   1.33190547 115.00000000 -167.84901255 
   1.33190547 110.00000000 -167.84731003 
   1.33190547 105.00000000 -167.84655332 
   1.33190547 100.00000000 -167.84728495 
   1.33190547  95.00000000 -167.84982597 
   1.33190547  90.00000000 -167.85430253 
   1.33190547  85.00000000 -167.86033209 
   1.33190547  80.00000000 -167.86755618 
   1.33190547  75.00000000 -167.87536279 
   1.33190547  70.00000000 -167.88302331 
   1.33190547  65.00000000 -167.88927006 
   1.33190547  60.00000000 -167.89152407 
   1.33190547  55.00000000 -167.88433600 
   1.38190547 180.00000000 -167.84434207 
   1.38190547 175.00000000 -167.84437325 
   1.38190547 170.00000000 -167.84440284 
   1.38190547 165.00000000 -167.84436667 
   1.38190547 160.00000000 -167.84431078 
   1.38190547 155.00000000 -167.84417997 
   1.38190547 150.00000000 -167.84393115 
   1.38190547 145.00000000 -167.84351594 
   1.38190547 140.00000000 -167.84289511 
   1.38190547 135.00000000 -167.84199174 
   1.38190547 130.00000000 -167.84078906 
   1.38190547 125.00000000 -167.83935469 
   1.38190547 120.00000000 -167.83776613 
   1.38190547 115.00000000 -167.83623268 
   1.38190547 110.00000000 -167.83512536 
   1.38190547 105.00000000 -167.83495902 
   1.38190547 100.00000000 -167.83624310 
   1.38190547  95.00000000 -167.83937808 
   1.38190547  90.00000000 -167.84429158 
   1.38190547  85.00000000 -167.85081786 
   1.38190547  80.00000000 -167.85859686 
   1.38190547  75.00000000 -167.86718318 
   1.38190547  70.00000000 -167.87609396 
   1.38190547  65.00000000 -167.88434919 
   1.38190547  60.00000000 -167.88987411 
   1.38190547  55.00000000 -167.88769365 
   1.43190547 180.00000000 -167.82508838 
   1.43190547 175.00000000 -167.82510998 
   1.43190547 170.00000000 -167.82525611 
   1.43190547 165.00000000 -167.82536554 
   1.43190547 160.00000000 -167.82552112 
   1.43190547 155.00000000 -167.82567258 
   1.43190547 150.00000000 -167.82583410 
   1.43190547 145.00000000 -167.82581405 
   1.43190547 140.00000000 -167.82563043 
   1.43190547 135.00000000 -167.82521932 
   1.43190547 130.00000000 -167.82464154 
   1.43190547 125.00000000 -167.82369691 
   1.43190547 120.00000000 -167.82270643 
   1.43190547 115.00000000 -167.82175645 
   1.43190547 110.00000000 -167.82121903 
   1.43190547 105.00000000 -167.82157901 
   1.43190547 100.00000000 -167.82336853 
   1.43190547  95.00000000 -167.82679338 
   1.43190547  90.00000000 -167.83191031 
   1.43190547  85.00000000 -167.83868335 
   1.43190547  80.00000000 -167.84681551 
   1.43190547  75.00000000 -167.85603748 
   1.43190547  70.00000000 -167.86600325 
   1.43190547  65.00000000 -167.87595282 
   1.43190547  60.00000000 -167.88435359 
   1.43190547  55.00000000 -167.88679793 
   1.48190547 180.00000000 -167.80499440 
   1.48190547 175.00000000 -167.80503612 
   1.48190547 170.00000000 -167.80530032 
   1.48190547 165.00000000 -167.80555006 
   1.48190547 160.00000000 -167.80599306 
   1.48190547 155.00000000 -167.80645938 
   1.48190547 150.00000000 -167.80693397 
   1.48190547 145.00000000 -167.80735984 
   1.48190547 140.00000000 -167.80766584 
   1.48190547 135.00000000 -167.80778549 
   1.48190547 130.00000000 -167.80775393 
   1.48190547 125.00000000 -167.80746856 
   1.48190547 120.00000000 -167.80704655 
   1.48190547 115.00000000 -167.80666446 
   1.48190547 110.00000000 -167.80664891 
   1.48190547 105.00000000 -167.80744325 
   1.48190547 100.00000000 -167.80954742 
   1.48190547  95.00000000 -167.81310633 
   1.48190547  90.00000000 -167.81821150 
   1.48190547  85.00000000 -167.82498583 
   1.48190547  80.00000000 -167.83321033 
   1.48190547  75.00000000 -167.84278525 
   1.48190547  70.00000000 -167.85356428 
   1.48190547  65.00000000 -167.86505708 
   1.48190547  60.00000000 -167.87592923 
   1.48190547  55.00000000 -167.88249877 
   1.53190547 180.00000000 -167.78483864 
   1.53190547 175.00000000 -167.78493662 
   1.53190547 170.00000000 -167.78532936 
   1.53190547 165.00000000 -167.78575025 
   1.53190547 160.00000000 -167.78646787 
   1.53190547 155.00000000 -167.78731541 
   1.53190547 150.00000000 -167.78820609 
   1.53190547 145.00000000 -167.78908134 
   1.53190547 140.00000000 -167.78986198 
   1.53190547 135.00000000 -167.79054586 
   1.53190547 130.00000000 -167.79098480 
   1.53190547 125.00000000 -167.79131166 
   1.53190547 120.00000000 -167.79149820 
   1.53190547 115.00000000 -167.79166186 
   1.53190547 110.00000000 -167.79214158 
   1.53190547 105.00000000 -167.79336965 
   1.53190547 100.00000000 -167.79548521 
   1.53190547  95.00000000 -167.79902232 
   1.53190547  90.00000000 -167.80401133 
   1.53190547  85.00000000 -167.81045138 
   1.53190547  80.00000000 -167.81848489 
   1.53190547  75.00000000 -167.82817681 
   1.53190547  70.00000000 -167.83954960 
   1.53190547  65.00000000 -167.85229143 
   1.53190547  60.00000000 -167.86534905 
   1.53190547  55.00000000 -167.87548170 
   1.58190547 180.00000000 -167.76521471 
   1.58190547 175.00000000 -167.76539392 
   1.58190547 170.00000000 -167.76582663 
   1.58190547 165.00000000 -167.76642092 
   1.58190547 160.00000000 -167.76726593 
   1.58190547 155.00000000 -167.76826816 
   1.58190547 150.00000000 -167.76925298 
   1.58190547 145.00000000 -167.77010228 
   1.58190547 140.00000000 -167.77300432 
   1.58190547 135.00000000 -167.77406995 
   1.58190547 130.00000000 -167.77501726 
   1.58190547 125.00000000 -167.77584489 
   1.58190547 120.00000000 -167.77655644 
   1.58190547 115.00000000 -167.77728449 
   1.58190547 110.00000000 -167.77817845 
   1.58190547 105.00000000 -167.77958580 
   1.58190547 100.00000000 -167.78186201 
   1.58190547  95.00000000 -167.78521114 
   1.58190547  90.00000000 -167.78976899 
   1.58190547  85.00000000 -167.79567640 
   1.58190547  80.00000000 -167.80321799 
   1.58190547  75.00000000 -167.81278512 
   1.58190547  70.00000000 -167.82451132 
   1.58190547  65.00000000 -167.83828040 
   1.58190547  60.00000000 -167.85305741 
   1.58190547  55.00000000 -167.86631275 
   1.63190547 180.00000000 -167.74867532 
   1.63190547 175.00000000 -167.74893134 
   1.63190547 170.00000000 -167.74943741 
   1.63190547 165.00000000 -167.75025288 
   1.63190547 160.00000000 -167.75140091 
   1.63190547 155.00000000 -167.75262924 
   1.63190547 150.00000000 -167.75389603 
   1.63190547 145.00000000 -167.75502866 
   1.63190547 140.00000000 -167.75594412 
   1.63190547 135.00000000 -167.75645279 
   1.63190547 130.00000000 -167.75650215 
   1.63190547 125.00000000 -167.76139994 
   1.63190547 120.00000000 -167.76261779 
   1.63190547 115.00000000 -167.76376310 
   1.63190547 110.00000000 -167.76505005 
   1.63190547 105.00000000 -167.76667863 
   1.63190547 100.00000000 -167.76888750 
   1.63190547  95.00000000 -167.77198075 
   1.63190547  90.00000000 -167.77601008 
   1.63190547  85.00000000 -167.78120140 
   1.63190547  80.00000000 -167.78788896 
   1.63190547  75.00000000 -167.79690781 
   1.63190547  70.00000000 -167.80890409 
   1.63190547  65.00000000 -167.82347628 
   1.63190547  60.00000000 -167.83970712 
   1.63190547  55.00000000 -167.85551925 
   1.68190547 180.00000000 -167.73410404 
   1.68190547 175.00000000 -167.73432119 
   1.68190547 170.00000000 -167.73496584 
   1.68190547 165.00000000 -167.73598579 
   1.68190547 160.00000000 -167.73735672 
   1.68190547 155.00000000 -167.73882088 
   1.68190547 150.00000000 -167.74035012 
   1.68190547 145.00000000 -167.74180272 
   1.68190547 140.00000000 -167.74299510 
   1.68190547 135.00000000 -167.74393438 
   1.68190547 130.00000000 -167.74436689 
   1.68190547 125.00000000 -167.74425432 
   1.68190547 120.00000000 -167.74343509 
   1.68190547 115.00000000 -167.74212300 
   1.68190547 110.00000000 -167.74071892 
   1.68190547 105.00000000 -167.74015716 
   1.68190547 100.00000000 -167.74140279 
   1.68190547  95.00000000 -167.75952801 
   1.68190547  90.00000000 -167.76302552 
   1.68190547  85.00000000 -167.76741853 
   1.68190547  80.00000000 -167.77301069 
   1.68190547  75.00000000 -167.78101594 
   1.68190547  70.00000000 -167.79309408 
   1.68190547  65.00000000 -167.80827718 
   1.68190547  60.00000000 -167.82565611 
   1.68190547  55.00000000 -167.84337923 
   1.73190547 180.00000000 -167.72107523 
   1.73190547 175.00000000 -167.72131281 
   1.73190547 170.00000000 -167.72204076 
   1.73190547 165.00000000 -167.72319075 
   1.73190547 160.00000000 -167.72467954 
   1.73190547 155.00000000 -167.72641971 
   1.73190547 150.00000000 -167.72818582 
   1.73190547 145.00000000 -167.72991147 
   1.73190547 140.00000000 -167.73141955 
   1.73190547 135.00000000 -167.73267705 
   1.73190547 130.00000000 -167.73354872 
   1.73190547 125.00000000 -167.73399451 
   1.73190547 120.00000000 -167.73383884 
   1.73190547 115.00000000 -167.73334382 
   1.73190547 110.00000000 -167.73273006 
   1.73190547 105.00000000 -167.73248454 
   1.73190547 100.00000000 -167.73324746 
   1.73190547  95.00000000 -167.73560588 
   1.73190547  90.00000000 -167.75094932 
   1.73190547  85.00000000 -167.75465469 
   1.73190547  80.00000000 -167.75924002 
   1.73190547  75.00000000 -167.76532761 
   1.73190547  70.00000000 -167.77742630 
   1.73190547  65.00000000 -167.79300574 
   1.73190547  60.00000000 -167.81111105 
   1.73190547  55.00000000 -167.83021358 
   1.78190547 180.00000000 -167.69591399 
   1.78190547 175.00000000 -167.70960591 
   1.78190547 170.00000000 -167.71035161 
   1.78190547 165.00000000 -167.71159730 
   1.78190547 160.00000000 -167.71321583 
   1.78190547 155.00000000 -167.71507659 
   1.78190547 150.00000000 -167.71709887 
   1.78190547 145.00000000 -167.71899570 
   1.78190547 140.00000000 -167.72083159 
   1.78190547 135.00000000 -167.72240016 
   1.78190547 130.00000000 -167.72363725 
   1.78190547 125.00000000 -167.72447309 
   1.78190547 120.00000000 -167.72488366 
   1.78190547 115.00000000 -167.72492603 
   1.78190547 110.00000000 -167.72479021 
   1.78190547 105.00000000 -167.72477770 
   1.78190547 100.00000000 -167.72527699 
   1.78190547  95.00000000 -167.72674896 
   1.78190547  90.00000000 -167.72953864 
   1.78190547  85.00000000 -167.74297574 
   1.78190547  80.00000000 -167.74680255 
   1.78190547  75.00000000 -167.75143791 
   1.78190547  70.00000000 -167.76223326 
   1.78190547  65.00000000 -167.77795857 
   1.78190547  60.00000000 -167.79644673 
   1.78190547  55.00000000 -167.81650884 
   1.83190547 180.00000000 -167.69873578 
   1.83190547 175.00000000 -167.69898898 
   1.83190547 170.00000000 -167.69982800 
   1.83190547 165.00000000 -167.70105194 
   1.83190547 160.00000000 -167.70276842 
   1.83190547 155.00000000 -167.70473202 
   1.83190547 150.00000000 -167.70686151 
   1.83190547 145.00000000 -167.70900793 
   1.83190547 140.00000000 -167.71104503 
   1.83190547 135.00000000 -167.71287412 
   1.83190547 130.00000000 -167.71440982 
   1.83190547 125.00000000 -167.71558864 
   1.83190547 120.00000000 -167.71637713 
   1.83190547 115.00000000 -167.71681245 
   1.83190547 110.00000000 -167.71699817 
   1.83190547 105.00000000 -167.71712667 
   1.83190547 100.00000000 -167.71748427 
   1.83190547  95.00000000 -167.71840110 
   1.83190547  90.00000000 -167.72025464 
   1.83190547  85.00000000 -167.72346168 
   1.83190547  80.00000000 -167.72844502 
   1.83190547  75.00000000 -167.73613128 
   1.83190547  70.00000000 -167.74784408 
   1.83190547  65.00000000 -167.76338497 
   1.83190547  60.00000000 -167.78193402 
   1.83190547  55.00000000 -167.80260190 
   1.88190547 180.00000000 -167.68941862 
   1.88190547 175.00000000 -167.68965523 
   1.88190547 170.00000000 -167.69041289 
   1.88190547 165.00000000 -167.69163872 
   1.88190547 160.00000000 -167.69326202 
   1.88190547 155.00000000 -167.69523662 
   1.88190547 150.00000000 -167.69743737 
   1.88190547 145.00000000 -167.69973388 
   1.88190547 140.00000000 -167.70194478 
   1.88190547 135.00000000 -167.70399296 
   1.88190547 130.00000000 -167.70577060 
   1.88190547 125.00000000 -167.70721293 
   1.88190547 120.00000000 -167.70828256 
   1.88190547 115.00000000 -167.70899346 
   1.88190547 110.00000000 -167.70940761 
   1.88190547 105.00000000 -167.70964854 
   1.88190547 100.00000000 -167.70990115 
   1.88190547  95.00000000 -167.71046657 
   1.88190547  90.00000000 -167.71157694 
   1.88190547  85.00000000 -167.71368708 
   1.88190547  80.00000000 -167.71751840 
   1.88190547  75.00000000 -167.72401397 
   1.88190547  70.00000000 -167.73462216 
   1.88190547  65.00000000 -167.74958074 
   1.88190547  60.00000000 -167.76790016 
   1.88190547  55.00000000 -167.78872194 
   1.93190547 180.00000000 -167.69171038 
   1.93190547 175.00000000 -167.69181305 
   1.93190547 170.00000000 -167.69208572 
   1.93190547 165.00000000 -167.69267964 
   1.93190547 160.00000000 -167.69339047 
   1.93190547 155.00000000 -167.69425773 
   1.93190547 150.00000000 -167.69528559 
   1.93190547 145.00000000 -167.69634429 
   1.93190547 140.00000000 -167.69743328 
   1.93190547 135.00000000 -167.69845870 
   1.93190547 130.00000000 -167.70218796 
   1.93190547 125.00000000 -167.70260844 
   1.93190547 120.00000000 -167.70405723 
   1.93190547 115.00000000 -167.70527010 
   1.93190547 110.00000000 -167.70620872 
   1.93190547 105.00000000 -167.70742210 
   1.93190547 100.00000000 -167.70883609 
   1.93190547  95.00000000 -167.71027844 
   1.93190547  90.00000000 -167.71184389 
   1.93190547  85.00000000 -167.71390403 
   1.93190547  80.00000000 -167.71654812 
   1.93190547  75.00000000 -167.72001694 
   1.93190547  70.00000000 -167.72427203 
   1.93190547  65.00000000 -167.72939325 
   1.93190547  60.00000000 -167.73510399 
   1.93190547  55.00000000 -167.77564461 
   1.98190547 180.00000000 -167.67535803 
   1.98190547 175.00000000 -167.67551751 
   1.98190547 170.00000000 -167.67603288 
   1.98190547 165.00000000 -167.67663775 
   1.98190547 160.00000000 -167.67804533 
   1.98190547 155.00000000 -167.67953683 
   1.98190547 150.00000000 -167.68135529 
   1.98190547 145.00000000 -167.68342134 
   1.98190547 140.00000000 -167.68559784 
   1.98190547 135.00000000 -167.68791149 
   1.98190547 130.00000000 -167.68999677 
   1.98190547 125.00000000 -167.69182287 
   1.98190547 120.00000000 -167.69325712 
   1.98190547 115.00000000 -167.69435015 
   1.98190547 110.00000000 -167.69506174 
   1.98190547 105.00000000 -167.69549835 
   1.98190547 100.00000000 -167.69566746 
   1.98190547  95.00000000 -167.69577875 
   1.98190547  90.00000000 -167.69604984 
   1.98190547  85.00000000 -167.69686806 
   1.98190547  80.00000000 -167.69926295 
   1.98190547  75.00000000 -167.70385786 
   1.98190547  70.00000000 -167.71190528 
   1.98190547  65.00000000 -167.72511473 
   1.98190547  60.00000000 -167.74273547 
   1.98190547  55.00000000 -167.76351605 
   2.03190547 180.00000000 -167.67053473 
   2.03190547 175.00000000 -167.67065119 
   2.03190547 170.00000000 -167.67105745 
   2.03190547 165.00000000 -167.67172485 
   2.03190547 160.00000000 -167.67237807 
   2.03190547 155.00000000 -167.67372845 
   2.03190547 150.00000000 -167.67503461 
   2.03190547 145.00000000 -167.67652280 
   2.03190547 140.00000000 -167.67819514 
   2.03190547 135.00000000 -167.68067991 
   2.03190547 130.00000000 -167.68296789 
   2.03190547 125.00000000 -167.68497950 
   2.03190547 120.00000000 -167.68661783 
   2.03190547 115.00000000 -167.68783309 
   2.03190547 110.00000000 -167.68864512 
   2.03190547 105.00000000 -167.68903108 
   2.03190547 100.00000000 -167.68919760 
   2.03190547  95.00000000 -167.68915679 
   2.03190547  90.00000000 -167.68911140 
   2.03190547  85.00000000 -167.68942133 
   2.03190547  80.00000000 -167.69073770 
   2.03190547  75.00000000 -167.69428875 
   2.03190547  70.00000000 -167.70271604 
   2.03190547  65.00000000 -167.71447828 
   2.03190547  60.00000000 -167.73181352 
   2.03190547  55.00000000 -167.75247681 
   2.08190547 180.00000000 -167.66683827 
   2.08190547 175.00000000 -167.66696538 
   2.08190547 170.00000000 -167.66725759 
   2.08190547 165.00000000 -167.66775886 
   2.08190547 160.00000000 -167.66845960 
   2.08190547 155.00000000 -167.66938996 
   2.08190547 150.00000000 -167.67056340 
   2.08190547 145.00000000 -167.67230536 
   2.08190547 140.00000000 -167.67399080 
   2.08190547 135.00000000 -167.67574100 
   2.08190547 130.00000000 -167.67744554 
   2.08190547 125.00000000 -167.67901651 
   2.08190547 120.00000000 -167.68039175 
   2.08190547 115.00000000 -167.68149352 
   2.08190547 110.00000000 -167.68232240 
   2.08190547 105.00000000 -167.68289188 
   2.08190547 100.00000000 -167.68323942 
   2.08190547  95.00000000 -167.68355004 
   2.08190547  90.00000000 -167.68391018 
   2.08190547  85.00000000 -167.68456811 
   2.08190547  80.00000000 -167.68585091 
   2.08190547  75.00000000 -167.68825131 
   2.08190547  70.00000000 -167.69241785 
   2.08190547  65.00000000 -167.70506542 
   2.08190547  60.00000000 -167.72178747 
   2.08190547  55.00000000 -167.74233434 
   2.13190547 180.00000000 -167.63486275 
   2.13190547 175.00000000 -167.66413013 
   2.13190547 170.00000000 -167.66434405 
   2.13190547 165.00000000 -167.66472881 
   2.13190547 160.00000000 -167.66524737 
   2.13190547 155.00000000 -167.66597970 
   2.13190547 150.00000000 -167.66693548 
   2.13190547 145.00000000 -167.66832651 
   2.13190547 140.00000000 -167.66978724 
   2.13190547 135.00000000 -167.67134182 
   2.13190547 130.00000000 -167.67288952 
   2.13190547 125.00000000 -167.67434088 
   2.13190547 120.00000000 -167.67561104 
   2.13190547 115.00000000 -167.67664922 
   2.13190547 110.00000000 -167.67743942 
   2.13190547 105.00000000 -167.67796138 
   2.13190547 100.00000000 -167.67829492 
   2.13190547  95.00000000 -167.67857546 
   2.13190547  90.00000000 -167.67887877 
   2.13190547  85.00000000 -167.67950006 
   2.13190547  80.00000000 -167.68073019 
   2.13190547  75.00000000 -167.68303983 
   2.13190547  70.00000000 -167.68711897 
   2.13190547  65.00000000 -167.69377345 
   2.13190547  60.00000000 -167.71249181 
   2.13190547  55.00000000 -167.73299049 
