   1.02412825 180.00000000 -167.92846406 
   1.02412825 182.20000000 -167.92836192 
   1.02412825 184.40000000 -167.92799350 
   1.02412825 186.60000000 -167.92741872 
   1.02412825 188.80000000 -167.92688963 
   1.02412825 191.00000000 -167.92600647 
   1.02412825 193.20000000 -167.92490962 
   1.02412825 195.40000000 -167.92360827 
   1.02412825 197.60000000 -167.92209788 
   1.02412825 199.80000000 -167.92037424 
   1.02412825 202.00000000 -167.91843271 
   1.02412825 204.20000000 -167.91626762 
   1.02412825 206.40000000 -167.91387244 
   1.02412825 208.60000000 -167.91124010 
   1.02412825 210.80000000 -167.90836294 
   1.02412825 213.00000000 -167.90523214 
   1.02412825 215.20000000 -167.90183774 
   1.02412825 217.40000000 -167.89816908 
   1.02412825 219.60000000 -167.89421461 
   1.02412825 221.80000000 -167.88996165 
   1.02412825 224.00000000 -167.88539625 
   1.02412825 226.20000000 -167.88050349 
   1.02412825 228.40000000 -167.87526816 
   1.02412825 230.60000000 -167.86967515 
   1.02412825 232.80000000 -167.86370941 
   1.02412825 235.00000000 -167.85735662 
   1.07412825 180.00000000 -167.97146959 
   1.07412825 182.20000000 -167.97139451 
   1.07412825 184.40000000 -167.97109273 
   1.07412825 186.60000000 -167.97063279 
   1.07412825 188.80000000 -167.96996127 
   1.07412825 191.00000000 -167.96909883 
   1.07412825 193.20000000 -167.96804088 
   1.07412825 195.40000000 -167.96678430 
   1.07412825 197.60000000 -167.96532595 
   1.07412825 199.80000000 -167.96366201 
   1.07412825 202.00000000 -167.96178790 
   1.07412825 204.20000000 -167.95969831 
   1.07412825 206.40000000 -167.95738734 
   1.07412825 208.60000000 -167.95484809 
   1.07412825 210.80000000 -167.95207280 
   1.07412825 213.00000000 -167.94905311 
   1.07412825 215.20000000 -167.94577988 
   1.07412825 217.40000000 -167.94224267 
   1.07412825 219.60000000 -167.93842987 
   1.07412825 221.80000000 -167.93432870 
   1.07412825 224.00000000 -167.92992551 
   1.07412825 226.20000000 -167.92520576 
   1.07412825 228.40000000 -167.92015376 
   1.07412825 230.60000000 -167.91475283 
   1.07412825 232.80000000 -167.90898625 
   1.07412825 235.00000000 -167.90283810 
   1.12412825 180.00000000 -167.99715927 
   1.12412825 182.20000000 -167.99705889 
   1.12412825 184.40000000 -167.99676022 
   1.12412825 186.60000000 -167.99632089 
   1.12412825 188.80000000 -167.99566984 
   1.12412825 191.00000000 -167.99483346 
   1.12412825 193.20000000 -167.99380796 
   1.12412825 195.40000000 -167.99258991 
   1.12412825 197.60000000 -167.99117617 
   1.12412825 199.80000000 -167.98956336 
   1.12412825 202.00000000 -167.98774758 
   1.12412825 204.20000000 -167.98572385 
   1.12412825 206.40000000 -167.98348623 
   1.12412825 208.60000000 -167.98102822 
   1.12412825 210.80000000 -167.97834280 
   1.12412825 213.00000000 -167.97542191 
   1.12412825 215.20000000 -167.97225664 
   1.12412825 217.40000000 -167.96883703 
   1.12412825 219.60000000 -167.96515156 
   1.12412825 221.80000000 -167.96118788 
   1.12412825 224.00000000 -167.95693278 
   1.12412825 226.20000000 -167.95237156 
   1.12412825 228.40000000 -167.94748811 
   1.12412825 230.60000000 -167.94226516 
   1.12412825 232.80000000 -167.93668448 
   1.12412825 235.00000000 -167.93072806 
   1.17412825 180.00000000 -168.01011134 
   1.17412825 182.20000000 -168.01001788 
   1.17412825 184.40000000 -168.00974059 
   1.17412825 186.60000000 -168.00930477 
   1.17412825 188.80000000 -168.00867351 
   1.17412825 191.00000000 -168.00786398 
   1.17412825 193.20000000 -168.00687072 
   1.17412825 195.40000000 -168.00569027 
   1.17412825 197.60000000 -168.00432033 
   1.17412825 199.80000000 -168.00275785 
   1.17412825 202.00000000 -168.00099877 
   1.17412825 204.20000000 -167.99903849 
   1.17412825 206.40000000 -167.99687195 
   1.17412825 208.60000000 -167.99449322 
   1.17412825 210.80000000 -167.99189535 
   1.17412825 213.00000000 -167.98907069 
   1.17412825 215.20000000 -167.98601076 
   1.17412825 217.40000000 -167.98270590 
   1.17412825 219.60000000 -167.97914540 
   1.17412825 221.80000000 -167.97531725 
   1.17412825 224.00000000 -167.97120824 
   1.17412825 226.20000000 -167.96680388 
   1.17412825 228.40000000 -167.96208808 
   1.17412825 230.60000000 -167.95704294 
   1.17412825 232.80000000 -167.95164945 
   1.17412825 235.00000000 -167.94588791 
   1.22412825 180.00000000 -168.01381141 
   1.22412825 182.20000000 -168.01373024 
   1.22412825 184.40000000 -168.01346263 
   1.22412825 186.60000000 -168.01303331 
   1.22412825 188.80000000 -168.01242603 
   1.22412825 191.00000000 -168.01164451 
   1.22412825 193.20000000 -168.01068536 
   1.22412825 195.40000000 -168.00954459 
   1.22412825 197.60000000 -168.00822088 
   1.22412825 199.80000000 -168.00671157 
   1.22412825 202.00000000 -168.00501320 
   1.22412825 204.20000000 -168.00312166 
   1.22412825 206.40000000 -168.00103197 
   1.22412825 208.60000000 -167.99873831 
   1.22412825 210.80000000 -167.99623427 
   1.22412825 213.00000000 -167.99351251 
   1.22412825 215.20000000 -167.99056495 
   1.22412825 217.40000000 -167.98738241 
   1.22412825 219.60000000 -167.98395424 
   1.22412825 221.80000000 -167.98026918 
   1.22412825 224.00000000 -167.97631509 
   1.22412825 226.20000000 -167.97207783 
   1.22412825 228.40000000 -167.96754136 
   1.22412825 230.60000000 -167.96268777 
   1.22412825 232.80000000 -167.95747183 
   1.22412825 235.00000000 -167.95192907 
   1.27412825 180.00000000 -168.01085397 
   1.27412825 182.20000000 -168.01077232 
   1.27412825 184.40000000 -168.01051723 
   1.27412825 186.60000000 -168.01010264 
   1.27412825 188.80000000 -168.00951926 
   1.27412825 191.00000000 -168.00876803 
   1.27412825 193.20000000 -168.00784583 
   1.27412825 195.40000000 -168.00674983 
   1.27412825 197.60000000 -168.00547884 
   1.27412825 199.80000000 -168.00403014 
   1.27412825 202.00000000 -168.00240037 
   1.27412825 204.20000000 -168.00058573 
   1.27412825 206.40000000 -167.99858167 
   1.27412825 208.60000000 -167.99638294 
   1.27412825 210.80000000 -167.99398346 
   1.27412825 213.00000000 -167.99137639 
   1.27412825 215.20000000 -167.98855411 
   1.27412825 217.40000000 -167.98550787 
   1.27412825 219.60000000 -167.98222767 
   1.27412825 221.80000000 -167.97870254 
   1.27412825 224.00000000 -167.97492058 
   1.27412825 226.20000000 -167.97083530 
   1.27412825 228.40000000 -167.96650397 
   1.27412825 230.60000000 -167.96186361 
   1.27412825 232.80000000 -167.95690129 
   1.27412825 235.00000000 -167.95159473 
   1.32412825 180.00000000 -168.00319388 
   1.32412825 182.20000000 -168.00311107 
   1.32412825 184.40000000 -168.00286406 
   1.32412825 186.60000000 -168.00247284 
   1.32412825 188.80000000 -168.00191356 
   1.32412825 191.00000000 -168.00119686 
   1.32412825 193.20000000 -168.00031687 
   1.32412825 195.40000000 -167.99927193 
   1.32412825 197.60000000 -167.99806021 
   1.32412825 199.80000000 -167.99667928 
   1.32412825 202.00000000 -167.99512626 
   1.32412825 204.20000000 -167.99339772 
   1.32412825 206.40000000 -167.99148996 
   1.32412825 208.60000000 -167.98939827 
   1.32412825 210.80000000 -167.98711697 
   1.32412825 213.00000000 -167.98463931 
   1.32412825 215.20000000 -167.98195746 
   1.32412825 217.40000000 -167.97906284 
   1.32412825 219.60000000 -167.97594659 
   1.32412825 221.80000000 -167.97256271 
   1.32412825 224.00000000 -167.96897689 
   1.32412825 226.20000000 -167.96513123 
   1.32412825 228.40000000 -167.96101676 
   1.32412825 230.60000000 -167.95661615 
   1.32412825 232.80000000 -167.95191049 
   1.32412825 235.00000000 -167.94687808 
   1.37412825 180.00000000 -167.99231224 
   1.37412825 182.20000000 -167.99226135 
   1.37412825 184.40000000 -167.99203013 
   1.37412825 186.60000000 -167.99165364 
   1.37412825 188.80000000 -167.99112619 
   1.37412825 191.00000000 -167.99044610 
   1.37412825 193.20000000 -167.98961239 
   1.37412825 195.40000000 -167.98862323 
   1.37412825 197.60000000 -167.98747697 
   1.37412825 199.80000000 -167.98617124 
   1.37412825 202.00000000 -167.98470349 
   1.37412825 204.20000000 -167.98307089 
   1.37412825 206.40000000 -167.98126969 
   1.37412825 208.60000000 -167.97929542 
   1.37412825 210.80000000 -167.97714289 
   1.37412825 213.00000000 -167.97480596 
   1.37412825 215.20000000 -167.97227757 
   1.37412825 217.40000000 -167.96955000 
   1.37412825 219.60000000 -167.96658008 
   1.37412825 221.80000000 -167.96342902 
   1.37412825 224.00000000 -167.96004820 
   1.37412825 226.20000000 -167.95642969 
   1.37412825 228.40000000 -167.95255955 
   1.37412825 230.60000000 -167.94842220 
   1.37412825 232.80000000 -167.94399964 
   1.37412825 235.00000000 -167.93927152 
   1.42412825 180.00000000 -167.97947421 
   1.42412825 182.20000000 -167.97940250 
   1.42412825 184.40000000 -167.97918443 
   1.42412825 186.60000000 -167.97883109 
   1.42412825 188.80000000 -167.97833468 
   1.42412825 191.00000000 -167.97769487 
   1.42412825 193.20000000 -167.97691142 
   1.42412825 195.40000000 -167.97598272 
   1.42412825 197.60000000 -167.97490703 
   1.42412825 199.80000000 -167.97368238 
   1.42412825 202.00000000 -167.97230631 
   1.42412825 204.20000000 -167.97077605 
   1.42412825 206.40000000 -167.96908854 
   1.42412825 208.60000000 -167.96723987 
   1.42412825 210.80000000 -167.96522515 
   1.42412825 213.00000000 -167.96303888 
   1.42412825 215.20000000 -167.96067466 
   1.42412825 217.40000000 -167.95809820 
   1.42412825 219.60000000 -167.95535351 
   1.42412825 221.80000000 -167.95240738 
   1.42412825 224.00000000 -167.94925179 
   1.42412825 226.20000000 -167.94587634 
   1.42412825 228.40000000 -167.94226881 
   1.42412825 230.60000000 -167.93841465 
   1.42412825 232.80000000 -167.93429756 
   1.42412825 235.00000000 -167.92989924 
   1.47412825 180.00000000 -167.96544870 
   1.47412825 182.20000000 -167.96543529 
   1.47412825 184.40000000 -167.96524625 
   1.47412825 186.60000000 -167.96490887 
   1.47412825 188.80000000 -167.96444551 
   1.47412825 191.00000000 -167.96384904 
   1.47412825 193.20000000 -167.96311923 
   1.47412825 195.40000000 -167.96225439 
   1.47412825 197.60000000 -167.96125256 
   1.47412825 199.80000000 -167.96011211 
   1.47412825 202.00000000 -167.95883134 
   1.47412825 204.20000000 -167.95740790 
   1.47412825 206.40000000 -167.95583906 
   1.47412825 208.60000000 -167.95412155 
   1.47412825 210.80000000 -167.95225136 
   1.47412825 213.00000000 -167.95022306 
   1.47412825 215.20000000 -167.94803021 
   1.47412825 217.40000000 -167.94564421 
   1.47412825 219.60000000 -167.94309794 
   1.47412825 221.80000000 -167.94036893 
   1.47412825 224.00000000 -167.93744859 
   1.47412825 226.20000000 -167.93432732 
   1.47412825 228.40000000 -167.93099430 
   1.47412825 230.60000000 -167.92743725 
   1.47412825 232.80000000 -167.92364181 
   1.47412825 235.00000000 -167.91959104 
   1.52412825 180.00000000 -167.95114622 
   1.52412825 182.20000000 -167.95108439 
   1.52412825 184.40000000 -167.95089593 
   1.52412825 186.60000000 -167.95058968 
   1.52412825 188.80000000 -167.95015866 
   1.52412825 191.00000000 -167.94960566 
   1.52412825 193.20000000 -167.94892978 
   1.52412825 195.40000000 -167.94812940 
   1.52412825 197.60000000 -167.94720325 
   1.52412825 199.80000000 -167.94614978 
   1.52412825 202.00000000 -167.94496729 
   1.52412825 204.20000000 -167.94365374 
   1.52412825 206.40000000 -167.94220661 
   1.52412825 208.60000000 -167.94062284 
   1.52412825 210.80000000 -167.93889885 
   1.52412825 213.00000000 -167.93703014 
   1.52412825 215.20000000 -167.93500243 
   1.52412825 217.40000000 -167.93281910 
   1.52412825 219.60000000 -167.93047888 
   1.52412825 221.80000000 -167.92797180 
   1.52412825 224.00000000 -167.92529143 
   1.52412825 226.20000000 -167.92242944 
   1.52412825 228.40000000 -167.91937646 
   1.52412825 230.60000000 -167.91611282 
   1.52412825 232.80000000 -167.91265569 
   1.52412825 235.00000000 -167.90895032 
   1.57412825 180.00000000 -167.93688627 
   1.57412825 182.20000000 -167.93685717 
   1.57412825 184.40000000 -167.93668166 
   1.57412825 186.60000000 -167.93639923 
   1.57412825 188.80000000 -167.93600192 
   1.57412825 191.00000000 -167.93549280 
   1.57412825 193.20000000 -167.93487086 
   1.57412825 195.40000000 -167.93413523 
   1.57412825 197.60000000 -167.93328485 
   1.57412825 199.80000000 -167.93231846 
   1.57412825 202.00000000 -167.93123435 
   1.57412825 204.20000000 -167.93003052 
   1.57412825 206.40000000 -167.92870500 
   1.57412825 208.60000000 -167.92725522 
   1.57412825 210.80000000 -167.92567784 
   1.57412825 213.00000000 -167.92397432 
   1.57412825 215.20000000 -167.92211991 
   1.57412825 217.40000000 -167.92012842 
   1.57412825 219.60000000 -167.91801672 
   1.57412825 221.80000000 -167.91573583 
   1.57412825 224.00000000 -167.91328778 
   1.57412825 226.20000000 -167.91068066 
   1.57412825 228.40000000 -167.90790287 
   1.57412825 230.60000000 -167.90494590 
   1.57412825 232.80000000 -167.90179856 
   1.57412825 235.00000000 -167.89844948 
   1.62412825 180.00000000 -167.92316789 
   1.62412825 182.20000000 -167.92314319 
   1.62412825 184.40000000 -167.92298065 
   1.62412825 186.60000000 -167.92272177 
   1.62412825 188.80000000 -167.92235730 
   1.62412825 191.00000000 -167.92189198 
   1.62412825 193.20000000 -167.92132443 
   1.62412825 195.40000000 -167.92065332 
   1.62412825 197.60000000 -167.91987736 
   1.62412825 199.80000000 -167.91899567 
   1.62412825 202.00000000 -167.91800736 
   1.62412825 204.20000000 -167.91697475 
   1.62412825 206.40000000 -167.91576763 
   1.62412825 208.60000000 -167.91444871 
   1.62412825 210.80000000 -167.91301405 
   1.62412825 213.00000000 -167.91145967 
   1.62412825 215.20000000 -167.90978084 
   1.62412825 217.40000000 -167.90797329 
   1.62412825 219.60000000 -167.90603358 
   1.62412825 221.80000000 -167.90395868 
   1.62412825 224.00000000 -167.90174531 
   1.62412825 226.20000000 -167.89938868 
   1.62412825 228.40000000 -167.89688233 
   1.62412825 230.60000000 -167.89421856 
   1.62412825 232.80000000 -167.89138817 
   1.62412825 235.00000000 -167.88837719 
   1.67412825 180.00000000 -167.91026619 
   1.67412825 182.20000000 -167.91020440 
   1.67412825 184.40000000 -167.91006413 
   1.67412825 186.60000000 -167.90984793 
   1.67412825 188.80000000 -167.90952139 
   1.67412825 191.00000000 -167.90911489 
   1.67412825 193.20000000 -167.90860499 
   1.67412825 195.40000000 -167.90800296 
   1.67412825 197.60000000 -167.90730392 
   1.67412825 199.80000000 -167.90650899 
   1.67412825 202.00000000 -167.90561713 
   1.67412825 204.20000000 -167.90462713 
   1.67412825 206.40000000 -167.90353727 
   1.67412825 208.60000000 -167.90234608 
   1.67412825 210.80000000 -167.90105158 
   1.67412825 213.00000000 -167.89965051 
   1.67412825 215.20000000 -167.89813858 
   1.67412825 217.40000000 -167.89651202 
   1.67412825 219.60000000 -167.89476808 
   1.67412825 221.80000000 -167.89290383 
   1.67412825 224.00000000 -167.89091530 
   1.67412825 226.20000000 -167.88876935 
   1.67412825 228.40000000 -167.88653915 
   1.67412825 230.60000000 -167.88415155 
   1.67412825 232.80000000 -167.88165398 
   1.67412825 235.00000000 -167.87897374 
   1.72412825 180.00000000 -167.89829751 
   1.72412825 182.20000000 -167.89824321 
   1.72412825 184.40000000 -167.89809847 
   1.72412825 186.60000000 -167.89790970 
   1.72412825 188.80000000 -167.89762950 
   1.72412825 191.00000000 -167.89724719 
   1.72412825 193.20000000 -167.89679632 
   1.72412825 195.40000000 -167.89625158 
   1.72412825 197.60000000 -167.89562243 
   1.72412825 199.80000000 -167.89490746 
   1.72412825 202.00000000 -167.89410555 
   1.72412825 204.20000000 -167.89321554 
   1.72412825 206.40000000 -167.89223637 
   1.72412825 208.60000000 -167.89116673 
   1.72412825 210.80000000 -167.89000470 
   1.72412825 213.00000000 -167.88874793 
   1.72412825 215.20000000 -167.88739353 
   1.72412825 217.40000000 -167.88593883 
   1.72412825 219.60000000 -167.88431749 
   1.72412825 221.80000000 -167.88266078 
   1.72412825 224.00000000 -167.88089569 
   1.72412825 226.20000000 -167.87901563 
   1.72412825 228.40000000 -167.87702439 
   1.72412825 230.60000000 -167.87490532 
   1.72412825 232.80000000 -167.87268179 
   1.72412825 235.00000000 -167.87027824 
   1.77412825 180.00000000 -167.88741798 
   1.77412825 182.20000000 -167.88731934 
   1.77412825 184.40000000 -167.88720744 
   1.77412825 186.60000000 -167.88702323 
   1.77412825 188.80000000 -167.88668693 
   1.77412825 191.00000000 -167.88644896 
   1.77412825 193.20000000 -167.88599868 
   1.77412825 195.40000000 -167.88551198 
   1.77412825 197.60000000 -167.88494579 
   1.77412825 199.80000000 -167.88430167 
   1.77412825 202.00000000 -167.88360269 
   1.77412825 204.20000000 -167.88281361 
   1.77412825 206.40000000 -167.88190553 
   1.77412825 208.60000000 -167.88094022 
   1.77412825 210.80000000 -167.87989644 
   1.77412825 213.00000000 -167.87877132 
   1.77412825 215.20000000 -167.87756169 
   1.77412825 217.40000000 -167.87626522 
   1.77412825 219.60000000 -167.87487968 
   1.77412825 221.80000000 -167.87340283 
   1.77412825 224.00000000 -167.87183226 
   1.77412825 226.20000000 -167.87016467 
   1.77412825 228.40000000 -167.86841849 
   1.77412825 230.60000000 -167.86654435 
   1.77412825 232.80000000 -167.86455949 
   1.77412825 235.00000000 -167.86245947 
   1.82412825 180.00000000 -167.87753592 
   1.82412825 182.20000000 -167.87753255 
   1.82412825 184.40000000 -167.87741445 
   1.82412825 186.60000000 -167.87716354 
   1.82412825 188.80000000 -167.87696883 
   1.82412825 191.00000000 -167.87670412 
   1.82412825 193.20000000 -167.87632462 
   1.82412825 195.40000000 -167.87589046 
   1.82412825 197.60000000 -167.87538491 
   1.82412825 199.80000000 -167.87480868 
   1.82412825 202.00000000 -167.87416308 
   1.82412825 204.20000000 -167.87344588 
   1.82412825 206.40000000 -167.87267146 
   1.82412825 208.60000000 -167.87181925 
   1.82412825 210.80000000 -167.87089608 
   1.82412825 213.00000000 -167.86990007 
   1.82412825 215.20000000 -167.86882809 
   1.82412825 217.40000000 -167.86767795 
   1.82412825 219.60000000 -167.86644887 
   1.82412825 221.80000000 -167.86514161 
   1.82412825 224.00000000 -167.87286590 
   1.82412825 226.20000000 -167.87260044 
   1.82412825 228.40000000 -167.87228249 
   1.82412825 230.60000000 -167.87190103 
   1.82412825 232.80000000 -167.87146636 
   1.82412825 235.00000000 -167.87096943 
   1.87412825 180.00000000 -167.86879802 
   1.87412825 182.20000000 -167.86877497 
   1.87412825 184.40000000 -167.86862251 
   1.87412825 186.60000000 -167.86861106 
   1.87412825 188.80000000 -167.86849408 
   1.87412825 191.00000000 -167.86839849 
   1.87412825 193.20000000 -167.86824604 
   1.87412825 195.40000000 -167.86812192 
   1.87412825 197.60000000 -167.86800793 
   1.87412825 199.80000000 -167.86789142 
   1.87412825 202.00000000 -167.86781732 
   1.87412825 204.20000000 -167.86776275 
   1.87412825 206.40000000 -167.86772845 
   1.87412825 208.60000000 -167.86771363 
   1.87412825 210.80000000 -167.86771140 
   1.87412825 213.00000000 -167.86772555 
   1.87412825 215.20000000 -167.86775284 
   1.87412825 217.40000000 -167.86776515 
   1.87412825 219.60000000 -167.86776672 
   1.87412825 221.80000000 -167.86775112 
   1.87412825 224.00000000 -167.86771046 
   1.87412825 226.20000000 -167.86763554 
   1.87412825 228.40000000 -167.86751702 
   1.87412825 230.60000000 -167.86734600 
   1.87412825 232.80000000 -167.86712138 
   1.87412825 235.00000000 -167.86682319 
   1.92412825 180.00000000 -167.86145925 
   1.92412825 182.20000000 -167.86137035 
   1.92412825 184.40000000 -167.86120353 
   1.92412825 186.60000000 -167.86104068 
   1.92412825 188.80000000 -167.86085654 
   1.92412825 191.00000000 -167.86065320 
   1.92412825 193.20000000 -167.86045734 
   1.92412825 195.40000000 -167.86023167 
   1.92412825 197.60000000 -167.86003459 
   1.92412825 199.80000000 -167.85980271 
   1.92412825 202.00000000 -167.85962376 
   1.92412825 204.20000000 -167.85945843 
   1.92412825 206.40000000 -167.85932426 
   1.92412825 208.60000000 -167.85918956 
   1.92412825 210.80000000 -167.85906824 
   1.92412825 213.00000000 -167.85895692 
   1.92412825 215.20000000 -167.85885171 
   1.92412825 217.40000000 -167.85874802 
   1.92412825 219.60000000 -167.85864156 
   1.92412825 221.80000000 -167.85852788 
   1.92412825 224.00000000 -167.85840057 
   1.92412825 226.20000000 -167.85825624 
   1.92412825 228.40000000 -167.85808734 
   1.92412825 230.60000000 -167.85788817 
   1.92412825 232.80000000 -167.85765205 
   1.92412825 235.00000000 -167.85737177 
   1.97412825 180.00000000 -167.85667776 
   1.97412825 182.20000000 -167.85677757 
   1.97412825 184.40000000 -167.85689789 
   1.97412825 186.60000000 -167.85702190 
   1.97412825 188.80000000 -167.85715595 
   1.97412825 191.00000000 -167.85730428 
   1.97412825 193.20000000 -167.85746816 
   1.97412825 195.40000000 -167.85764866 
   1.97412825 197.60000000 -167.85784080 
   1.97412825 199.80000000 -167.85804748 
   1.97412825 202.00000000 -167.85826850 
   1.97412825 204.20000000 -167.85851514 
   1.97412825 206.40000000 -167.85876278 
   1.97412825 208.60000000 -167.85902032 
   1.97412825 210.80000000 -167.85928504 
   1.97412825 213.00000000 -167.85955248 
   1.97412825 215.20000000 -167.85981761 
   1.97412825 217.40000000 -167.86007568 
   1.97412825 219.60000000 -167.86032167 
   1.97412825 221.80000000 -167.86055054 
   1.97412825 224.00000000 -167.86075584 
   1.97412825 226.20000000 -167.86093028 
   1.97412825 228.40000000 -167.86106692 
   1.97412825 230.60000000 -167.86115914 
   1.97412825 232.80000000 -167.86119933 
   1.97412825 235.00000000 -167.86118011 
   2.02412825 180.00000000 -167.85385803 
   2.02412825 182.20000000 -167.85378178 
   2.02412825 184.40000000 -167.85373964 
   2.02412825 186.60000000 -167.85369067 
   2.02412825 188.80000000 -167.85366508 
   2.02412825 191.00000000 -167.85365623 
   2.02412825 193.20000000 -167.85366973 
   2.02412825 195.40000000 -167.85369766 
   2.02412825 197.60000000 -167.85374472 
   2.02412825 199.80000000 -167.85380981 
   2.02412825 202.00000000 -167.85389131 
   2.02412825 204.20000000 -167.85398814 
   2.02412825 206.40000000 -167.85409825 
   2.02412825 208.60000000 -167.85421987 
   2.02412825 210.80000000 -167.85435107 
   2.02412825 213.00000000 -167.85448820 
   2.02412825 215.20000000 -167.85462658 
   2.02412825 217.40000000 -167.85476064 
   2.02412825 219.60000000 -167.85489251 
   2.02412825 221.80000000 -167.85501582 
   2.02412825 224.00000000 -167.85512623 
   2.02412825 226.20000000 -167.85521855 
   2.02412825 228.40000000 -167.85528299 
   2.02412825 230.60000000 -167.85532241 
   2.02412825 232.80000000 -167.85532943 
   2.02412825 235.00000000 -167.85529772 
