  -0.20397500   0.99481500   2.20916000 -167.91558573 
  -0.20397500   0.99481500   2.25916000 -167.91310350 
  -0.20397500   0.99481500   2.30916000 -167.90687970 
  -0.20397500   0.99481500   2.35916000 -167.89818199 
  -0.20397500   0.99481500   2.40916000 -167.88789922 
  -0.20397500   0.99481500   2.45916000 -167.87665469 
  -0.20397500   0.99481500   2.50916000 -167.86488474 
  -0.20397500   0.99481500   2.55916000 -167.85290139 
  -0.20397500   0.99481500   2.60916000 -167.84094731 
  -0.20397500   1.04481500   2.20916000 -167.90979624 
  -0.20397500   1.04481500   2.25916000 -167.91199001 
  -0.20397500   1.04481500   2.30916000 -167.90866622 
  -0.20397500   1.04481500   2.35916000 -167.90168481 
  -0.20397500   1.04481500   2.40916000 -167.89234878 
  -0.20397500   1.04481500   2.45916000 -167.88155200 
  -0.20397500   1.04481500   2.50916000 -167.86990881 
  -0.20397500   1.04481500   2.55916000 -167.85784125 
  -0.20397500   1.04481500   2.60916000 -167.84564509 
  -0.20397500   1.09481500   2.20916000 -167.89205212 
  -0.20397500   1.09481500   2.25916000 -167.90149834 
  -0.20397500   1.09481500   2.30916000 -167.90278318 
  -0.20397500   1.09481500   2.35916000 -167.89859603 
  -0.20397500   1.09481500   2.40916000 -167.89084085 
  -0.20397500   1.09481500   2.45916000 -167.88083573 
  -0.20397500   1.09481500   2.50916000 -167.86948400 
  -0.20397500   1.09481500   2.55916000 -167.85739638 
  -0.20397500   1.09481500   2.60916000 -167.84498442 
  -0.20397500   1.14481500   2.20916000 -167.86065548 
  -0.20397500   1.14481500   2.25916000 -167.88091963 
  -0.20397500   1.14481500   2.30916000 -167.88938831 
  -0.20397500   1.14481500   2.35916000 -167.88977168 
  -0.20397500   1.14481500   2.40916000 -167.88472813 
  -0.20397500   1.14481500   2.45916000 -167.87618675 
  -0.20397500   1.14481500   2.50916000 -167.86548636 
  -0.20397500   1.14481500   2.55916000 -167.85354225 
  -0.20397500   1.14481500   2.60916000 -167.84096718 
  -0.20397500   1.19481500   2.20916000 -167.81212862 
  -0.20397500   1.19481500   2.25916000 -167.84805554 
  -0.20397500   1.19481500   2.30916000 -167.86732380 
  -0.20397500   1.19481500   2.35916000 -167.87486896 
  -0.20397500   1.19481500   2.40916000 -167.87435693 
  -0.20397500   1.19481500   2.45916000 -167.86846503 
  -0.20397500   1.19481500   2.50916000 -167.85912847 
  -0.20397500   1.19481500   2.55916000 -167.84771124 
  -0.20397500   1.19481500   2.60916000 -167.83514247 
  -0.20397500   1.24481500   2.20916000 -167.74109414 
  -0.20397500   1.24481500   2.25916000 -167.79921818 
  -0.20397500   1.24481500   2.30916000 -167.83409712 
  -0.20397500   1.24481500   2.35916000 -167.85238133 
  -0.20397500   1.24481500   2.40916000 -167.85901470 
  -0.20397500   1.24481500   2.45916000 -167.85760047 
  -0.20397500   1.24481500   2.50916000 -167.85086553 
  -0.20397500   1.24481500   2.55916000 -167.84072886 
  -0.20397500   1.24481500   2.60916000 -167.82857807 
  -0.20397500   1.29481500   2.20916000 -167.63961946 
  -0.20397500   1.29481500   2.25916000 -167.72882955 
  -0.20397500   1.29481500   2.30916000 -167.78579310 
  -0.20397500   1.29481500   2.35916000 -167.81961759 
  -0.20397500   1.29481500   2.40916000 -167.83691964 
  -0.20397500   1.29481500   2.45916000 -167.84261280 
  -0.20397500   1.29481500   2.50916000 -167.84031909 
  -0.20397500   1.29481500   2.55916000 -167.83271841 
  -0.20397500   1.29481500   2.60916000 -167.82178227 
  -0.20397500   1.34481500   2.20916000 -167.49633441 
  -0.20397500   1.34481500   2.25916000 -167.62871135 
  -0.20397500   1.34481500   2.30916000 -167.71670993 
  -0.20397500   1.34481500   2.35916000 -167.77265976 
  -0.20397500   1.34481500   2.40916000 -167.80555326 
  -0.20397500   1.34481500   2.45916000 -167.82194179 
  -0.20397500   1.34481500   2.50916000 -167.82676168 
  -0.20397500   1.34481500   2.55916000 -167.82356556 
  -0.20397500   1.34481500   2.60916000 -167.81507989 
  -0.20397500   1.39481500   2.20916000 -167.29487093 
  -0.20397500   1.39481500   2.25916000 -167.48726585 
  -0.20397500   1.39481500   2.30916000 -167.61843319 
  -0.20397500   1.39481500   2.35916000 -167.70553893 
  -0.20397500   1.39481500   2.40916000 -167.76083048 
  -0.20397500   1.39481500   2.45916000 -167.79306986 
  -0.20397500   1.39481500   2.50916000 -167.80876037 
  -0.20397500   1.39481500   2.55916000 -167.81278150 
  -0.20397500   1.39481500   2.60916000 -167.80873793 
  -0.15397500   0.99481500   2.20916000 -167.91105733 
  -0.15397500   0.99481500   2.25916000 -167.90949193 
  -0.15397500   0.99481500   2.30916000 -167.90400677 
  -0.15397500   0.99481500   2.35916000 -167.89591196 
  -0.15397500   0.99481500   2.40916000 -167.88610030 
  -0.15397500   0.99481500   2.45916000 -167.87520743 
  -0.15397500   0.99481500   2.50916000 -167.86368730 
  -0.15397500   0.99481500   2.55916000 -167.85187032 
  -0.15397500   0.99481500   2.60916000 -167.83998669 
  -0.15397500   1.04481500   2.20916000 -167.91241548 
  -0.15397500   1.04481500   2.25916000 -167.91555827 
  -0.15397500   1.04481500   2.30916000 -167.91310338 
  -0.15397500   1.04481500   2.35916000 -167.90687970 
  -0.15397500   1.04481500   2.40916000 -167.89818200 
  -0.15397500   1.04481500   2.45916000 -167.88789922 
  -0.15397500   1.04481500   2.50916000 -167.87665469 
  -0.15397500   1.04481500   2.55916000 -167.86488474 
  -0.15397500   1.04481500   2.60916000 -167.85290139 
  -0.15397500   1.09481500   2.20916000 -167.89933996 
  -0.15397500   1.09481500   2.25916000 -167.90975912 
  -0.15397500   1.09481500   2.30916000 -167.91199003 
  -0.15397500   1.09481500   2.35916000 -167.90866622 
  -0.15397500   1.09481500   2.40916000 -167.90168481 
  -0.15397500   1.09481500   2.45916000 -167.89234878 
  -0.15397500   1.09481500   2.50916000 -167.88155200 
  -0.15397500   1.09481500   2.55916000 -167.86990881 
  -0.15397500   1.09481500   2.60916000 -167.85784125 
  -0.15397500   1.14481500   2.20916000 -167.87078855 
  -0.15397500   1.14481500   2.25916000 -167.89205597 
  -0.15397500   1.14481500   2.30916000 -167.90149872 
  -0.15397500   1.14481500   2.35916000 -167.90278318 
  -0.15397500   1.14481500   2.40916000 -167.89859603 
  -0.15397500   1.14481500   2.45916000 -167.89084085 
  -0.15397500   1.14481500   2.50916000 -167.88083573 
  -0.15397500   1.14481500   2.55916000 -167.86948401 
  -0.15397500   1.14481500   2.60916000 -167.85739638 
  -0.15397500   1.19481500   2.20916000 -167.82364774 
  -0.15397500   1.19481500   2.25916000 -167.86066388 
  -0.15397500   1.19481500   2.30916000 -167.88090397 
  -0.15397500   1.19481500   2.35916000 -167.88938856 
  -0.15397500   1.19481500   2.40916000 -167.88977171 
  -0.15397500   1.19481500   2.45916000 -167.88472813 
  -0.15397500   1.19481500   2.50916000 -167.87618675 
  -0.15397500   1.19481500   2.55916000 -167.86548636 
  -0.15397500   1.19481500   2.60916000 -167.85354225 
  -0.15397500   1.24481500   2.20916000 -167.75281953 
  -0.15397500   1.24481500   2.25916000 -167.81214005 
  -0.15397500   1.24481500   2.30916000 -167.84805541 
  -0.15397500   1.24481500   2.35916000 -167.86732376 
  -0.15397500   1.24481500   2.40916000 -167.87486896 
  -0.15397500   1.24481500   2.45916000 -167.87435693 
  -0.15397500   1.24481500   2.50916000 -167.86846503 
  -0.15397500   1.24481500   2.55916000 -167.85912847 
  -0.15397500   1.24481500   2.60916000 -167.84771124 
  -0.15397500   1.29481500   2.20916000 -167.65061564 
  -0.15397500   1.29481500   2.25916000 -167.74109771 
  -0.15397500   1.29481500   2.30916000 -167.79921811 
  -0.15397500   1.29481500   2.35916000 -167.83409717 
  -0.15397500   1.29481500   2.40916000 -167.85238135 
  -0.15397500   1.29481500   2.45916000 -167.85901472 
  -0.15397500   1.29481500   2.50916000 -167.85760046 
  -0.15397500   1.29481500   2.55916000 -167.85086553 
  -0.15397500   1.29481500   2.60916000 -167.84072886 
  -0.15397500   1.34481500   2.20916000 -167.50586216 
  -0.15397500   1.34481500   2.25916000 -167.63962992 
  -0.15397500   1.34481500   2.30916000 -167.72882904 
  -0.15397500   1.34481500   2.35916000 -167.78579121 
  -0.15397500   1.34481500   2.40916000 -167.81961686 
  -0.15397500   1.34481500   2.45916000 -167.83691938 
  -0.15397500   1.34481500   2.50916000 -167.84261267 
  -0.15397500   1.34481500   2.55916000 -167.84031884 
  -0.15397500   1.34481500   2.60916000 -167.83271838 
  -0.15397500   1.39481500   2.20916000 -167.30247127 
  -0.15397500   1.39481500   2.25916000 -167.49633241 
  -0.15397500   1.39481500   2.30916000 -167.62871332 
  -0.15397500   1.39481500   2.35916000 -167.71670966 
  -0.15397500   1.39481500   2.40916000 -167.77265977 
  -0.15397500   1.39481500   2.45916000 -167.80555326 
  -0.15397500   1.39481500   2.50916000 -167.82194179 
  -0.15397500   1.39481500   2.55916000 -167.82676168 
  -0.15397500   1.39481500   2.60916000 -167.82356556 
  -0.10397500   0.99481500   2.20916000 -167.89537541 
  -0.10397500   0.99481500   2.25916000 -167.89466966 
  -0.10397500   0.99481500   2.30916000 -167.88990003 
  -0.10397500   0.99481500   2.35916000 -167.88237099 
  -0.10397500   0.99481500   2.40916000 -167.87298684 
  -0.10397500   0.99481500   2.45916000 -167.86239884 
  -0.10397500   0.99481500   2.50916000 -167.85108066 
  -0.10397500   0.99481500   2.55916000 -167.83938222 
  -0.10397500   0.99481500   2.60916000 -167.82755438 
  -0.10397500   1.04481500   2.20916000 -167.90690490 
  -0.10397500   1.04481500   2.25916000 -167.91107696 
  -0.10397500   1.04481500   2.30916000 -167.90949215 
  -0.10397500   1.04481500   2.35916000 -167.90400677 
  -0.10397500   1.04481500   2.40916000 -167.89591196 
  -0.10397500   1.04481500   2.45916000 -167.88610030 
  -0.10397500   1.04481500   2.50916000 -167.87520743 
  -0.10397500   1.04481500   2.55916000 -167.86368731 
  -0.10397500   1.04481500   2.60916000 -167.85187032 
  -0.10397500   1.09481500   2.20916000 -167.90089178 
  -0.10397500   1.09481500   2.25916000 -167.91236869 
  -0.10397500   1.09481500   2.30916000 -167.91555832 
  -0.10397500   1.09481500   2.35916000 -167.91310338 
  -0.10397500   1.09481500   2.40916000 -167.90687971 
  -0.10397500   1.09481500   2.45916000 -167.89818200 
  -0.10397500   1.09481500   2.50916000 -167.88789922 
  -0.10397500   1.09481500   2.55916000 -167.87665469 
  -0.10397500   1.09481500   2.60916000 -167.86488474 
  -0.10397500   1.14481500   2.20916000 -167.87702351 
  -0.10397500   1.14481500   2.25916000 -167.89933394 
  -0.10397500   1.14481500   2.30916000 -167.90975917 
  -0.10397500   1.14481500   2.35916000 -167.91199003 
  -0.10397500   1.14481500   2.40916000 -167.90866622 
  -0.10397500   1.14481500   2.45916000 -167.90168481 
  -0.10397500   1.14481500   2.50916000 -167.89234878 
  -0.10397500   1.14481500   2.55916000 -167.88155200 
  -0.10397500   1.14481500   2.60916000 -167.86990881 
  -0.10397500   1.19481500   2.20916000 -167.83270454 
  -0.10397500   1.19481500   2.25916000 -167.87078765 
  -0.10397500   1.19481500   2.30916000 -167.89205706 
  -0.10397500   1.19481500   2.35916000 -167.90149879 
  -0.10397500   1.19481500   2.40916000 -167.90278318 
  -0.10397500   1.19481500   2.45916000 -167.89859604 
  -0.10397500   1.19481500   2.50916000 -167.89084085 
  -0.10397500   1.19481500   2.55916000 -167.88083573 
  -0.10397500   1.19481500   2.60916000 -167.86948401 
  -0.10397500   1.24481500   2.20916000 -167.76318718 
  -0.10397500   1.24481500   2.25916000 -167.82366286 
  -0.10397500   1.24481500   2.30916000 -167.86064472 
  -0.10397500   1.24481500   2.35916000 -167.88090408 
  -0.10397500   1.24481500   2.40916000 -167.88938857 
  -0.10397500   1.24481500   2.45916000 -167.88977171 
  -0.10397500   1.24481500   2.50916000 -167.88472813 
  -0.10397500   1.24481500   2.55916000 -167.87618675 
  -0.10397500   1.24481500   2.60916000 -167.86548635 
  -0.10397500   1.29481500   2.20916000 -167.66105631 
  -0.10397500   1.29481500   2.25916000 -167.75283531 
  -0.10397500   1.29481500   2.30916000 -167.81211786 
  -0.10397500   1.29481500   2.35916000 -167.84805550 
  -0.10397500   1.29481500   2.40916000 -167.86732377 
  -0.10397500   1.29481500   2.45916000 -167.87486896 
  -0.10397500   1.29481500   2.50916000 -167.87435694 
  -0.10397500   1.29481500   2.55916000 -167.86846503 
  -0.10397500   1.29481500   2.60916000 -167.85912847 
  -0.10397500   1.34481500   2.20916000 -167.51540879 
  -0.10397500   1.34481500   2.25916000 -167.65061913 
  -0.10397500   1.34481500   2.30916000 -167.74109818 
  -0.10397500   1.34481500   2.35916000 -167.79921806 
  -0.10397500   1.34481500   2.40916000 -167.83409715 
  -0.10397500   1.34481500   2.45916000 -167.85238135 
  -0.10397500   1.34481500   2.50916000 -167.85901471 
  -0.10397500   1.34481500   2.55916000 -167.85760046 
  -0.10397500   1.34481500   2.60916000 -167.85086553 
  -0.10397500   1.39481500   2.20916000 -167.31043005 
  -0.10397500   1.39481500   2.25916000 -167.50586372 
  -0.10397500   1.39481500   2.30916000 -167.63962916 
  -0.10397500   1.39481500   2.35916000 -167.72880440 
  -0.10397500   1.39481500   2.40916000 -167.78579231 
  -0.10397500   1.39481500   2.45916000 -167.81961713 
  -0.10397500   1.39481500   2.50916000 -167.83691947 
  -0.10397500   1.39481500   2.55916000 -167.84261272 
  -0.10397500   1.39481500   2.60916000 -167.84031893 
  -0.05397500   0.99481500   2.20916000 -167.86435044 
  -0.05397500   0.99481500   2.25916000 -167.86449116 
  -0.05397500   0.99481500   2.30916000 -167.86041266 
  -0.05397500   0.99481500   2.35916000 -167.85341375 
  -0.05397500   0.99481500   2.40916000 -167.84441513 
  -0.05397500   0.99481500   2.45916000 -167.83408753 
  -0.05397500   0.99481500   2.50916000 -167.82292496 
  -0.05397500   0.99481500   2.55916000 -167.81129691 
  -0.05397500   0.99481500   2.60916000 -167.79947620 
  -0.05397500   1.04481500   2.20916000 -167.89020782 
  -0.05397500   1.04481500   2.25916000 -167.89538743 
  -0.05397500   1.04481500   2.30916000 -167.89466976 
  -0.05397500   1.04481500   2.35916000 -167.88990002 
  -0.05397500   1.04481500   2.40916000 -167.88237099 
  -0.05397500   1.04481500   2.45916000 -167.87298684 
  -0.05397500   1.04481500   2.50916000 -167.86239884 
  -0.05397500   1.04481500   2.55916000 -167.85108066 
  -0.05397500   1.04481500   2.60916000 -167.83938222 
  -0.05397500   1.09481500   2.20916000 -167.89435386 
  -0.05397500   1.09481500   2.25916000 -167.90690360 
  -0.05397500   1.09481500   2.30916000 -167.91107697 
  -0.05397500   1.09481500   2.35916000 -167.90949215 
  -0.05397500   1.09481500   2.40916000 -167.90400677 
  -0.05397500   1.09481500   2.45916000 -167.89591196 
  -0.05397500   1.09481500   2.50916000 -167.88610029 
  -0.05397500   1.09481500   2.55916000 -167.87520743 
  -0.05397500   1.09481500   2.60916000 -167.86368731 
  -0.05397500   1.14481500   2.20916000 -167.87749000 
  -0.05397500   1.14481500   2.25916000 -167.90090996 
  -0.05397500   1.14481500   2.30916000 -167.91236862 
  -0.05397500   1.14481500   2.35916000 -167.91555832 
  -0.05397500   1.14481500   2.40916000 -167.91310339 
  -0.05397500   1.14481500   2.45916000 -167.90687971 
  -0.05397500   1.14481500   2.50916000 -167.89818199 
  -0.05397500   1.14481500   2.55916000 -167.88789922 
  -0.05397500   1.14481500   2.60916000 -167.87665469 
  -0.05397500   1.19481500   2.20916000 -167.83783942 
  -0.05397500   1.19481500   2.25916000 -167.87702173 
  -0.05397500   1.19481500   2.30916000 -167.89933426 
  -0.05397500   1.19481500   2.35916000 -167.90975917 
  -0.05397500   1.19481500   2.40916000 -167.91199003 
  -0.05397500   1.19481500   2.45916000 -167.90866622 
  -0.05397500   1.19481500   2.50916000 -167.90168481 
  -0.05397500   1.19481500   2.55916000 -167.89234878 
  -0.05397500   1.19481500   2.60916000 -167.88155200 
  -0.05397500   1.24481500   2.20916000 -167.77106705 
  -0.05397500   1.24481500   2.25916000 -167.83270895 
  -0.05397500   1.24481500   2.30916000 -167.87078876 
  -0.05397500   1.24481500   2.35916000 -167.89205716 
  -0.05397500   1.24481500   2.40916000 -167.90149880 
  -0.05397500   1.24481500   2.45916000 -167.90278318 
  -0.05397500   1.24481500   2.50916000 -167.89859604 
  -0.05397500   1.24481500   2.55916000 -167.89084085 
  -0.05397500   1.24481500   2.60916000 -167.88083573 
  -0.05397500   1.29481500   2.20916000 -167.67013634 
  -0.05397500   1.29481500   2.25916000 -167.76319804 
  -0.05397500   1.29481500   2.30916000 -167.82366387 
  -0.05397500   1.29481500   2.35916000 -167.86064468 
  -0.05397500   1.29481500   2.40916000 -167.88090407 
  -0.05397500   1.29481500   2.45916000 -167.88938857 
  -0.05397500   1.29481500   2.50916000 -167.88977171 
  -0.05397500   1.29481500   2.55916000 -167.88472813 
  -0.05397500   1.29481500   2.60916000 -167.87618675 
  -0.05397500   1.34481500   2.20916000 -167.52441612 
  -0.05397500   1.34481500   2.25916000 -167.66106792 
  -0.05397500   1.34481500   2.30916000 -167.75283602 
  -0.05397500   1.34481500   2.35916000 -167.81211786 
  -0.05397500   1.34481500   2.40916000 -167.84805550 
  -0.05397500   1.34481500   2.45916000 -167.86732376 
  -0.05397500   1.34481500   2.50916000 -167.87486897 
  -0.05397500   1.34481500   2.55916000 -167.87435694 
  -0.05397500   1.34481500   2.60916000 -167.86846503 
  -0.05397500   1.39481500   2.20916000 -167.31838220 
  -0.05397500   1.39481500   2.25916000 -167.51541996 
  -0.05397500   1.39481500   2.30916000 -167.65061901 
  -0.05397500   1.39481500   2.35916000 -167.74109803 
  -0.05397500   1.39481500   2.40916000 -167.79921802 
  -0.05397500   1.39481500   2.45916000 -167.83409713 
  -0.05397500   1.39481500   2.50916000 -167.85238134 
  -0.05397500   1.39481500   2.55916000 -167.85901471 
  -0.05397500   1.39481500   2.60916000 -167.85760047 
  -0.00397500   0.99481500   2.20916000 -167.81250777 
  -0.00397500   0.99481500   2.25916000 -167.81350175 
  -0.00397500   0.99481500   2.30916000 -167.81009100 
  -0.00397500   0.99481500   2.35916000 -167.80359047 
  -0.00397500   0.99481500   2.40916000 -167.79494286 
  -0.00397500   0.99481500   2.45916000 -167.78483632 
  -0.00397500   0.99481500   2.50916000 -167.77378772 
  -0.00397500   0.99481500   2.55916000 -167.76218435 
  -0.00397500   0.99481500   2.60916000 -167.75032067 
  -0.00397500   1.04481500   2.20916000 -167.85814176 
  -0.00397500   1.04481500   2.25916000 -167.86434811 
  -0.00397500   1.04481500   2.30916000 -167.86449110 
  -0.00397500   1.04481500   2.35916000 -167.86041266 
  -0.00397500   1.04481500   2.40916000 -167.85341375 
  -0.00397500   1.04481500   2.45916000 -167.84441513 
  -0.00397500   1.04481500   2.50916000 -167.83408753 
  -0.00397500   1.04481500   2.55916000 -167.82292496 
  -0.00397500   1.04481500   2.60916000 -167.81129691 
  -0.00397500   1.09481500   2.20916000 -167.87653511 
  -0.00397500   1.09481500   2.25916000 -167.89020762 
  -0.00397500   1.09481500   2.30916000 -167.89538744 
  -0.00397500   1.09481500   2.35916000 -167.89466976 
  -0.00397500   1.09481500   2.40916000 -167.88990002 
  -0.00397500   1.09481500   2.45916000 -167.88237099 
  -0.00397500   1.09481500   2.50916000 -167.87298684 
  -0.00397500   1.09481500   2.55916000 -167.86239884 
  -0.00397500   1.09481500   2.60916000 -167.85108066 
  -0.00397500   1.14481500   2.20916000 -167.86979429 
  -0.00397500   1.14481500   2.25916000 -167.89436178 
  -0.00397500   1.14481500   2.30916000 -167.90690368 
  -0.00397500   1.14481500   2.35916000 -167.91107697 
  -0.00397500   1.14481500   2.40916000 -167.90949215 
  -0.00397500   1.14481500   2.45916000 -167.90400677 
  -0.00397500   1.14481500   2.50916000 -167.89591196 
  -0.00397500   1.14481500   2.55916000 -167.88610030 
  -0.00397500   1.14481500   2.60916000 -167.87520743 
  -0.00397500   1.19481500   2.20916000 -167.83716482 
  -0.00397500   1.19481500   2.25916000 -167.87750603 
  -0.00397500   1.19481500   2.30916000 -167.90091021 
  -0.00397500   1.19481500   2.35916000 -167.91236862 
  -0.00397500   1.19481500   2.40916000 -167.91555832 
  -0.00397500   1.19481500   2.45916000 -167.91310338 
  -0.00397500   1.19481500   2.50916000 -167.90687971 
  -0.00397500   1.19481500   2.55916000 -167.89818200 
  -0.00397500   1.19481500   2.60916000 -167.88789922 
  -0.00397500   1.24481500   2.20916000 -167.77496731 
  -0.00397500   1.24481500   2.25916000 -167.83783482 
  -0.00397500   1.24481500   2.30916000 -167.87702209 
  -0.00397500   1.24481500   2.35916000 -167.89933428 
  -0.00397500   1.24481500   2.40916000 -167.90975917 
  -0.00397500   1.24481500   2.45916000 -167.91199003 
  -0.00397500   1.24481500   2.50916000 -167.90866622 
  -0.00397500   1.24481500   2.55916000 -167.90168481 
  -0.00397500   1.24481500   2.60916000 -167.89234878 
  -0.00397500   1.29481500   2.20916000 -167.67672291 
  -0.00397500   1.29481500   2.25916000 -167.77107507 
  -0.00397500   1.29481500   2.30916000 -167.83270979 
  -0.00397500   1.29481500   2.35916000 -167.87078886 
  -0.00397500   1.29481500   2.40916000 -167.89205717 
  -0.00397500   1.29481500   2.45916000 -167.90149880 
  -0.00397500   1.29481500   2.50916000 -167.90278318 
  -0.00397500   1.29481500   2.55916000 -167.89859604 
  -0.00397500   1.29481500   2.60916000 -167.89084085 
  -0.00397500   1.34481500   2.20916000 -167.53204726 
  -0.00397500   1.34481500   2.25916000 -167.67014325 
  -0.00397500   1.34481500   2.30916000 -167.76319876 
  -0.00397500   1.34481500   2.35916000 -167.82366399 
  -0.00397500   1.34481500   2.40916000 -167.86064467 
  -0.00397500   1.34481500   2.45916000 -167.88090407 
  -0.00397500   1.34481500   2.50916000 -167.88938857 
  -0.00397500   1.34481500   2.55916000 -167.88977171 
  -0.00397500   1.34481500   2.60916000 -167.88472813 
  -0.00397500   1.39481500   2.20916000 -167.32576439 
  -0.00397500   1.39481500   2.25916000 -167.52442348 
  -0.00397500   1.39481500   2.30916000 -167.66106808 
  -0.00397500   1.39481500   2.35916000 -167.75283612 
  -0.00397500   1.39481500   2.40916000 -167.81211786 
  -0.00397500   1.39481500   2.45916000 -167.84805550 
  -0.00397500   1.39481500   2.50916000 -167.86732376 
  -0.00397500   1.39481500   2.55916000 -167.87486897 
  -0.00397500   1.39481500   2.60916000 -167.87435694 
   0.04602500   0.99481500   2.20916000 -167.73267486 
   0.04602500   0.99481500   2.25916000 -167.73451268 
   0.04602500   0.99481500   2.30916000 -167.73175263 
   0.04602500   0.99481500   2.35916000 -167.72572697 
   0.04602500   0.99481500   2.40916000 -167.71740046 
   0.04602500   0.99481500   2.45916000 -167.70748851 
   0.04602500   0.99481500   2.50916000 -167.69652492 
   0.04602500   0.99481500   2.55916000 -167.68491270 
   0.04602500   0.99481500   2.60916000 -167.67296301 
   0.04602500   1.04481500   2.20916000 -167.80525996 
   0.04602500   1.04481500   2.25916000 -167.81250694 
   0.04602500   1.04481500   2.30916000 -167.81350172 
   0.04602500   1.04481500   2.35916000 -167.81009100 
   0.04602500   1.04481500   2.40916000 -167.80359047 
   0.04602500   1.04481500   2.45916000 -167.79494286 
   0.04602500   1.04481500   2.50916000 -167.78483632 
   0.04602500   1.04481500   2.55916000 -167.77378772 
   0.04602500   1.04481500   2.60916000 -167.76218435 
   0.04602500   1.09481500   2.20916000 -167.84329629 
   0.04602500   1.09481500   2.25916000 -167.85814272 
   0.04602500   1.09481500   2.30916000 -167.86434812 
   0.04602500   1.09481500   2.35916000 -167.86449110 
   0.04602500   1.09481500   2.40916000 -167.86041266 
   0.04602500   1.09481500   2.45916000 -167.85341375 
   0.04602500   1.09481500   2.50916000 -167.84441513 
   0.04602500   1.09481500   2.55916000 -167.83408753 
   0.04602500   1.09481500   2.60916000 -167.82292495 
   0.04602500   1.14481500   2.20916000 -167.85077634 
   0.04602500   1.14481500   2.25916000 -167.87653997 
   0.04602500   1.14481500   2.30916000 -167.89020764 
   0.04602500   1.14481500   2.35916000 -167.89538744 
   0.04602500   1.14481500   2.40916000 -167.89466976 
   0.04602500   1.14481500   2.45916000 -167.88990002 
   0.04602500   1.14481500   2.50916000 -167.88237099 
   0.04602500   1.14481500   2.55916000 -167.87298684 
   0.04602500   1.14481500   2.60916000 -167.86239884 
   0.04602500   1.19481500   2.20916000 -167.82825207 
   0.04602500   1.19481500   2.25916000 -167.86980872 
   0.04602500   1.19481500   2.30916000 -167.89436171 
   0.04602500   1.19481500   2.35916000 -167.90690368 
   0.04602500   1.19481500   2.40916000 -167.91107697 
   0.04602500   1.19481500   2.45916000 -167.90949214 
   0.04602500   1.19481500   2.50916000 -167.90400677 
   0.04602500   1.19481500   2.55916000 -167.89591196 
   0.04602500   1.19481500   2.60916000 -167.88610030 
   0.04602500   1.24481500   2.20916000 -167.77309068 
   0.04602500   1.24481500   2.25916000 -167.83716285 
   0.04602500   1.24481500   2.30916000 -167.87750630 
   0.04602500   1.24481500   2.35916000 -167.90091021 
   0.04602500   1.24481500   2.40916000 -167.91236862 
   0.04602500   1.24481500   2.45916000 -167.91555832 
   0.04602500   1.24481500   2.50916000 -167.91310339 
   0.04602500   1.24481500   2.55916000 -167.90687971 
   0.04602500   1.24481500   2.60916000 -167.89818200 
   0.04602500   1.29481500   2.20916000 -167.67931146 
   0.04602500   1.29481500   2.25916000 -167.77500739 
   0.04602500   1.29481500   2.30916000 -167.83783537 
   0.04602500   1.29481500   2.35916000 -167.87702213 
   0.04602500   1.29481500   2.40916000 -167.89933428 
   0.04602500   1.29481500   2.45916000 -167.90975918 
   0.04602500   1.29481500   2.50916000 -167.91199003 
   0.04602500   1.29481500   2.55916000 -167.90866622 
   0.04602500   1.29481500   2.60916000 -167.90168481 
   0.04602500   1.34481500   2.20916000 -167.53718801 
   0.04602500   1.34481500   2.25916000 -167.67672896 
   0.04602500   1.34481500   2.30916000 -167.77107562 
   0.04602500   1.34481500   2.35916000 -167.83270987 
   0.04602500   1.34481500   2.40916000 -167.87078887 
   0.04602500   1.34481500   2.45916000 -167.89205717 
   0.04602500   1.34481500   2.50916000 -167.90149880 
   0.04602500   1.34481500   2.55916000 -167.90278318 
   0.04602500   1.34481500   2.60916000 -167.89859603 
   0.04602500   1.39481500   2.20916000 -167.33176874 
   0.04602500   1.39481500   2.25916000 -167.53205383 
   0.04602500   1.39481500   2.30916000 -167.67014347 
   0.04602500   1.39481500   2.35916000 -167.76319882 
   0.04602500   1.39481500   2.40916000 -167.82366401 
   0.04602500   1.39481500   2.45916000 -167.86064467 
   0.04602500   1.39481500   2.50916000 -167.88090407 
   0.04602500   1.39481500   2.55916000 -167.88938857 
   0.04602500   1.39481500   2.60916000 -167.88977171 
   0.09602500   0.99481500   2.20916000 -167.61532158 
   0.09602500   0.99481500   2.25916000 -167.61799847 
   0.09602500   0.99481500   2.30916000 -167.61587610 
   0.09602500   0.99481500   2.35916000 -167.61031465 
   0.09602500   0.99481500   2.40916000 -167.60230310 
   0.09602500   0.99481500   2.45916000 -167.59257917 
   0.09602500   0.99481500   2.50916000 -167.58169453 
   0.09602500   0.99481500   2.55916000 -167.57006485 
   0.09602500   0.99481500   2.60916000 -167.55801216 
   0.09602500   1.04481500   2.20916000 -167.72437828 
   0.09602500   1.04481500   2.25916000 -167.73267465 
   0.09602500   1.04481500   2.30916000 -167.73451267 
   0.09602500   1.04481500   2.35916000 -167.73175263 
   0.09602500   1.04481500   2.40916000 -167.72572697 
   0.09602500   1.04481500   2.45916000 -167.71740046 
   0.09602500   1.04481500   2.50916000 -167.70748851 
   0.09602500   1.04481500   2.55916000 -167.69652492 
   0.09602500   1.04481500   2.60916000 -167.68491270 
   0.09602500   1.09481500   2.20916000 -167.78920738 
   0.09602500   1.09481500   2.25916000 -167.80526174 
   0.09602500   1.09481500   2.30916000 -167.81250696 
   0.09602500   1.09481500   2.35916000 -167.81350172 
   0.09602500   1.09481500   2.40916000 -167.81009100 
   0.09602500   1.09481500   2.45916000 -167.80359047 
   0.09602500   1.09481500   2.50916000 -167.79494286 
   0.09602500   1.09481500   2.55916000 -167.78483632 
   0.09602500   1.09481500   2.60916000 -167.77378772 
   0.09602500   1.14481500   2.20916000 -167.81622779 
   0.09602500   1.14481500   2.25916000 -167.84330017 
   0.09602500   1.14481500   2.30916000 -167.85814273 
   0.09602500   1.14481500   2.35916000 -167.86434812 
   0.09602500   1.14481500   2.40916000 -167.86449110 
   0.09602500   1.14481500   2.45916000 -167.86041266 
   0.09602500   1.14481500   2.50916000 -167.85341375 
   0.09602500   1.14481500   2.55916000 -167.84441513 
   0.09602500   1.14481500   2.60916000 -167.83408753 
   0.09602500   1.19481500   2.20916000 -167.80788997 
   0.09602500   1.19481500   2.25916000 -167.85075510 
   0.09602500   1.19481500   2.30916000 -167.87653987 
   0.09602500   1.19481500   2.35916000 -167.89020764 
   0.09602500   1.19481500   2.40916000 -167.89538744 
   0.09602500   1.19481500   2.45916000 -167.89466976 
   0.09602500   1.19481500   2.50916000 -167.88990002 
   0.09602500   1.19481500   2.55916000 -167.88237099 
   0.09602500   1.19481500   2.60916000 -167.87298684 
   0.09602500   1.24481500   2.20916000 -167.76287143 
   0.09602500   1.24481500   2.25916000 -167.82824075 
   0.09602500   1.24481500   2.30916000 -167.86980915 
   0.09602500   1.24481500   2.35916000 -167.89436171 
   0.09602500   1.24481500   2.40916000 -167.90690368 
   0.09602500   1.24481500   2.45916000 -167.91107697 
   0.09602500   1.24481500   2.50916000 -167.90949214 
   0.09602500   1.24481500   2.55916000 -167.90400677 
   0.09602500   1.24481500   2.60916000 -167.89591196 
   0.09602500   1.29481500   2.20916000 -167.67607475 
   0.09602500   1.29481500   2.25916000 -167.77309656 
   0.09602500   1.29481500   2.30916000 -167.83716299 
   0.09602500   1.29481500   2.35916000 -167.87750631 
   0.09602500   1.29481500   2.40916000 -167.90091021 
   0.09602500   1.29481500   2.45916000 -167.91236862 
   0.09602500   1.29481500   2.50916000 -167.91555832 
   0.09602500   1.29481500   2.55916000 -167.91310339 
   0.09602500   1.29481500   2.60916000 -167.90687971 
   0.09602500   1.34481500   2.20916000 -167.53832299 
   0.09602500   1.34481500   2.25916000 -167.67935211 
   0.09602500   1.34481500   2.30916000 -167.77500777 
   0.09602500   1.34481500   2.35916000 -167.83783540 
   0.09602500   1.34481500   2.40916000 -167.87702213 
   0.09602500   1.34481500   2.45916000 -167.89933428 
   0.09602500   1.34481500   2.50916000 -167.90975918 
   0.09602500   1.34481500   2.55916000 -167.91199003 
   0.09602500   1.34481500   2.60916000 -167.90866622 
   0.09602500   1.39481500   2.20916000 -167.33525634 
   0.09602500   1.39481500   2.25916000 -167.53719388 
   0.09602500   1.39481500   2.30916000 -167.67672919 
   0.09602500   1.39481500   2.35916000 -167.77107567 
   0.09602500   1.39481500   2.40916000 -167.83270988 
   0.09602500   1.39481500   2.45916000 -167.87078887 
   0.09602500   1.39481500   2.50916000 -167.89205717 
   0.09602500   1.39481500   2.55916000 -167.90149880 
   0.09602500   1.39481500   2.60916000 -167.90278318 
   0.14602500   0.99481500   2.20916000 -167.44777641 
   0.14602500   0.99481500   2.25916000 -167.45129302 
   0.14602500   0.99481500   2.30916000 -167.44981304 
   0.14602500   0.99481500   2.35916000 -167.44472416 
   0.14602500   0.99481500   2.40916000 -167.43704278 
   0.14602500   0.99481500   2.45916000 -167.42752970 
   0.14602500   0.99481500   2.50916000 -167.41675430 
   0.14602500   0.99481500   2.55916000 -167.40514363 
   0.14602500   0.99481500   2.60916000 -167.39304396 
   0.14602500   1.04481500   2.20916000 -167.60596538 
   0.14602500   1.04481500   2.25916000 -167.61532141 
   0.14602500   1.04481500   2.30916000 -167.61799846 
   0.14602500   1.04481500   2.35916000 -167.61587610 
   0.14602500   1.04481500   2.40916000 -167.61031465 
   0.14602500   1.04481500   2.45916000 -167.60230310 
   0.14602500   1.04481500   2.50916000 -167.59257917 
   0.14602500   1.04481500   2.55916000 -167.58169453 
   0.14602500   1.04481500   2.60916000 -167.57006485 
   0.14602500   1.09481500   2.20916000 -167.70706381 
   0.14602500   1.09481500   2.25916000 -167.72437927 
   0.14602500   1.09481500   2.30916000 -167.73267464 
   0.14602500   1.09481500   2.35916000 -167.73451267 
   0.14602500   1.09481500   2.40916000 -167.73175263 
   0.14602500   1.09481500   2.45916000 -167.72572697 
   0.14602500   1.09481500   2.50916000 -167.71740046 
   0.14602500   1.09481500   2.55916000 -167.70748851 
   0.14602500   1.09481500   2.60916000 -167.69652492 
   0.14602500   1.14481500   2.20916000 -167.76074194 
   0.14602500   1.14481500   2.25916000 -167.78919956 
   0.14602500   1.14481500   2.30916000 -167.80526168 
   0.14602500   1.14481500   2.35916000 -167.81250696 
   0.14602500   1.14481500   2.40916000 -167.81350172 
   0.14602500   1.14481500   2.45916000 -167.81009100 
   0.14602500   1.14481500   2.50916000 -167.80359047 
   0.14602500   1.14481500   2.55916000 -167.79494286 
   0.14602500   1.14481500   2.60916000 -167.78483632 
   0.14602500   1.19481500   2.20916000 -167.77193130 
   0.14602500   1.19481500   2.25916000 -167.81621230 
   0.14602500   1.19481500   2.30916000 -167.84330009 
   0.14602500   1.19481500   2.35916000 -167.85814273 
   0.14602500   1.19481500   2.40916000 -167.86434812 
   0.14602500   1.19481500   2.45916000 -167.86449110 
   0.14602500   1.19481500   2.50916000 -167.86041266 
   0.14602500   1.19481500   2.55916000 -167.85341375 
   0.14602500   1.19481500   2.60916000 -167.84441513 
   0.14602500   1.24481500   2.20916000 -167.74111043 
   0.14602500   1.24481500   2.25916000 -167.80788027 
   0.14602500   1.24481500   2.30916000 -167.85075500 
   0.14602500   1.24481500   2.35916000 -167.87653987 
   0.14602500   1.24481500   2.40916000 -167.89020764 
   0.14602500   1.24481500   2.45916000 -167.89538744 
   0.14602500   1.24481500   2.50916000 -167.89466976 
   0.14602500   1.24481500   2.55916000 -167.88990003 
   0.14602500   1.24481500   2.60916000 -167.88237099 
   0.14602500   1.29481500   2.20916000 -167.66444994 
   0.14602500   1.29481500   2.25916000 -167.76286739 
   0.14602500   1.29481500   2.30916000 -167.82824091 
   0.14602500   1.29481500   2.35916000 -167.86980914 
   0.14602500   1.29481500   2.40916000 -167.89436171 
   0.14602500   1.29481500   2.45916000 -167.90690368 
   0.14602500   1.29481500   2.50916000 -167.91107697 
   0.14602500   1.29481500   2.55916000 -167.90949214 
   0.14602500   1.29481500   2.60916000 -167.90400677 
   0.14602500   1.34481500   2.20916000 -167.53358388 
   0.14602500   1.34481500   2.25916000 -167.67609338 
   0.14602500   1.34481500   2.30916000 -167.77309674 
   0.14602500   1.34481500   2.35916000 -167.83716300 
   0.14602500   1.34481500   2.40916000 -167.87750631 
   0.14602500   1.34481500   2.45916000 -167.90091021 
   0.14602500   1.34481500   2.50916000 -167.91236862 
   0.14602500   1.34481500   2.55916000 -167.91555832 
   0.14602500   1.34481500   2.60916000 -167.91310339 
   0.14602500   1.39481500   2.20916000 -167.33479039 
   0.14602500   1.39481500   2.25916000 -167.53835979 
   0.14602500   1.39481500   2.30916000 -167.67935242 
   0.14602500   1.39481500   2.35916000 -167.77500779 
   0.14602500   1.39481500   2.40916000 -167.83783540 
   0.14602500   1.39481500   2.45916000 -167.87702213 
   0.14602500   1.39481500   2.50916000 -167.89933428 
   0.14602500   1.39481500   2.55916000 -167.90975918 
   0.14602500   1.39481500   2.60916000 -167.91199003 
   0.19602500   0.99481500   2.20916000 -167.21316266 
   0.19602500   0.99481500   2.25916000 -167.21753186 
   0.19602500   0.99481500   2.30916000 -167.21671429 
   0.19602500   0.99481500   2.35916000 -167.21212789 
   0.19602500   0.99481500   2.40916000 -167.20481190 
   0.19602500   0.99481500   2.45916000 -167.19556722 
   0.19602500   0.99481500   2.50916000 -167.18497502 
   0.19602500   0.99481500   2.55916000 -167.17347682 
   0.19602500   0.99481500   2.60916000 -167.16142467 
   0.19602500   1.04481500   2.20916000 -167.43735313 
   0.19602500   1.04481500   2.25916000 -167.44777405 
   0.19602500   1.04481500   2.30916000 -167.45129312 
   0.19602500   1.04481500   2.35916000 -167.44981304 
   0.19602500   1.04481500   2.40916000 -167.44472416 
   0.19602500   1.04481500   2.45916000 -167.43704278 
   0.19602500   1.04481500   2.50916000 -167.42752970 
   0.19602500   1.04481500   2.55916000 -167.41675430 
   0.19602500   1.04481500   2.60916000 -167.40514364 
   0.19602500   1.09481500   2.20916000 -167.58736223 
   0.19602500   1.09481500   2.25916000 -167.60596795 
   0.19602500   1.09481500   2.30916000 -167.61532141 
   0.19602500   1.09481500   2.35916000 -167.61799846 
   0.19602500   1.09481500   2.40916000 -167.61587610 
   0.19602500   1.09481500   2.45916000 -167.61031465 
   0.19602500   1.09481500   2.50916000 -167.60230310 
   0.19602500   1.09481500   2.55916000 -167.59257917 
   0.19602500   1.09481500   2.60916000 -167.58169453 
   0.19602500   1.14481500   2.20916000 -167.67714521 
   0.19602500   1.14481500   2.25916000 -167.70705950 
   0.19602500   1.14481500   2.30916000 -167.72437923 
   0.19602500   1.14481500   2.35916000 -167.73267464 
   0.19602500   1.14481500   2.40916000 -167.73451267 
   0.19602500   1.14481500   2.45916000 -167.73175263 
   0.19602500   1.14481500   2.50916000 -167.72572697 
   0.19602500   1.14481500   2.55916000 -167.71740046 
   0.19602500   1.14481500   2.60916000 -167.70748851 
   0.19602500   1.19481500   2.20916000 -167.71492569 
   0.19602500   1.19481500   2.25916000 -167.76073082 
   0.19602500   1.19481500   2.30916000 -167.78919951 
   0.19602500   1.19481500   2.35916000 -167.80526168 
   0.19602500   1.19481500   2.40916000 -167.81250696 
   0.19602500   1.19481500   2.45916000 -167.81350172 
   0.19602500   1.19481500   2.50916000 -167.81009100 
   0.19602500   1.19481500   2.55916000 -167.80359047 
   0.19602500   1.19481500   2.60916000 -167.79494286 
   0.19602500   1.24481500   2.20916000 -167.70363814 
   0.19602500   1.24481500   2.25916000 -167.77191576 
   0.19602500   1.24481500   2.30916000 -167.81621228 
   0.19602500   1.24481500   2.35916000 -167.84330009 
   0.19602500   1.24481500   2.40916000 -167.85814273 
   0.19602500   1.24481500   2.45916000 -167.86434812 
   0.19602500   1.24481500   2.50916000 -167.86449110 
   0.19602500   1.24481500   2.55916000 -167.86041266 
   0.19602500   1.24481500   2.60916000 -167.85341375 
   0.19602500   1.29481500   2.20916000 -167.64118569 
   0.19602500   1.29481500   2.25916000 -167.74110730 
   0.19602500   1.29481500   2.30916000 -167.80788057 
   0.19602500   1.29481500   2.35916000 -167.85075500 
   0.19602500   1.29481500   2.40916000 -167.87653987 
   0.19602500   1.29481500   2.45916000 -167.89020764 
   0.19602500   1.29481500   2.50916000 -167.89538744 
   0.19602500   1.29481500   2.55916000 -167.89466976 
   0.19602500   1.29481500   2.60916000 -167.88990003 
   0.19602500   1.34481500   2.20916000 -167.52041266 
   0.19602500   1.34481500   2.25916000 -167.66445233 
   0.19602500   1.34481500   2.30916000 -167.76286742 
   0.19602500   1.34481500   2.35916000 -167.82824091 
   0.19602500   1.34481500   2.40916000 -167.86980914 
   0.19602500   1.34481500   2.45916000 -167.89436171 
   0.19602500   1.34481500   2.50916000 -167.90690368 
   0.19602500   1.34481500   2.55916000 -167.91107697 
   0.19602500   1.34481500   2.60916000 -167.90949215 
   0.19602500   1.39481500   2.20916000 -167.32838431 
   0.19602500   1.39481500   2.25916000 -167.53361187 
   0.19602500   1.39481500   2.30916000 -167.67609365 
   0.19602500   1.39481500   2.35916000 -167.77309675 
   0.19602500   1.39481500   2.40916000 -167.83716300 
   0.19602500   1.39481500   2.45916000 -167.87750631 
   0.19602500   1.39481500   2.50916000 -167.90091021 
   0.19602500   1.39481500   2.55916000 -167.91236862 
   0.19602500   1.39481500   2.60916000 -167.91555832 
